3855.676
4476.967
5027.556
5974.571
7087.284
8384.287
15274.93
35906.95
36533.33
43667.15
44393.56
45317.11
45978.72
46871.01
47424.9
52300.04
55974.99
56779.91
57761.38
59362.88
60528.75
77436.28
77922.98
78394.57
78882.05
79527.57
79988.95
80388.83
82210.32
85236.33
108255
113217.1
116499.7
117595.4
121589.2
134101.7
137832.1
139462.9
146453
148104.6
150430.5
155586.7
156558.7
156591.2
157050.1
159054.8
159545.1
160301.1
161065.1
163102.8
163982.3
178078
179797.9
186666.8
188254.7
191388.4
192698.8
200991.2
202060.8
202549.1
217445.8
219094.8
238449.8
241536.6
248064.2
250294.7
252962.9
253859.5
270894.3
273109.9
276006
277251
282512.1
283218.5
284290
284787.7
285482.9
286010.3
286622.2
287942.1
297200.6
298929.6
299434.8
300313.2
307276.6
307975.1
308828.1
308946
309723.3
310330
311118.2
316031.3
317289.1
331514.1
333151.5
333729.9
334833.2
335868.1
336584.8
340890.3
342049.7
342571.5
343738.2
344884.6
345490.2
346571.5
361705.9
362323.9
363115.8
364905.7
375547.9
376851.9
387069.7
390536.6
403950.7
404565
405104.3
450546.5
454536.9
454814.6
457466.6
470948.2
483471.1
484954.3
485490.6
486308.4
486798.3
487942.2
488826.2
489535.5
512939.9
514647.1
515283.8
515329.5
516061.3
516208.1
519817.6
524416.2
526408.4
526917.5
526940.1
537736.3
538781.4
539523.9
546469.4
550717.2
552212
554097.2
557472.3
558469.8
575499
577106.5
577556.5
579180
585631
586906.1
587647.8
588856.6
589827.2
590252.3
591481.6
601287.2
603913.3
604473
604946.8
620306.5
621944.1
622744.7
623504.1
625191.8
638860.5
640201.1
641331.4
642760
643252.2
644529.5
645023
646459.4
658870.1
664561.9
665258.7
666905.6
669572.3
680841.3
685533.7
686218
688379.8
689466.5
690388.1
692255.7
701721.8
704408.4
706068.5
710253.9
725044.3
726792.7
727338.1
728209
728600
728934.1
729271.3
729667.8
730009.2
730711.8
733006.5
733592.6
737721
739260.3
740027.8
741029.3
744879
748766.5
758675.7
759393.1
760872.3
776159.5
791323
793933.8
794859.7
796164.8
799417.7
800156.9
800746.4
802322.7
802843.6
804039.8
805021.4
813428.8
814529.8
821322.8
822883.3
823277.9
823710.3
824324.5
824998.1
825459.1
827259.9
833364.1
846738.1
864981.9
866862.2
880513.8
881137.4
900505.5
904925.7
907878.5
908333
908720.6
909224.1
909671.9
910259.7
911042.5
912083.3
930175.6
932757.9
933996.5
935480.5
936091.6
936512.5
937101
938226.4
939613.8
955727.8
959295.5
967826.8
968305.9
968825.5
969508.2
970135.4
970929.4
972017.4
972753.6
973511.7
976078.9
994297.3
997227.8
998258.6
999315.2
1002376
1003043
1004154
1005656
1006409
1007291
1007414
1008516
1009611
1025316
1026296
1027241
1038057
1038981
1039849
1040402
1041827
1058704
1060015
1064021
1065075
1066014
1071342
1076172
1090522
1098475
1117104
1118326
1118566
1125219
1127948
1128697
1130167
1147152
1148739
1149349
1149883
1150477
1151099
1151694
1152159
1152978
1156321
1156914
1161486
1163509
1165118
1168264
1169645
1181228
1182453
1183542
1184259
1195769
1199252
1199678
1208007
1208692
1209557
1211108
1213063
1215918
1228673
1229193
1229741
1230368
1237223
1238334
1238972
1239905
1249425
1251378
1251862
1253303
1258805
1273098
1273703
1274123
1274781
1274845
1275583
1277879
1282284
1283733
1294548
1300684
1313167
1359573
1360276
1360939
1362857
1369354
1376356
1377005
1377582
1378342
1378990
1389207
1396826
1397686
1398676
1399504
1400208
1400802
1401428
1407793
1412963
1414747
1423265
1425026
1434469
1442834
1444208
1444831
1446498
1449659
1450469
1453129
1453374
1459777
1467195
1469066
1472629
1474221
1475055
1476614
1477736
1479726
1481482
1482122
1483807
1501472
1502243
1503432
1504050
1504941
1505585
1509578
1511144
1512975
1529626
1546558
1549951
1551300
1562713
1563622
1564831
1566500
1567603
1583611
1584879
1585913
1587045
1588065
1589382
1590264
1590853
1592543
1604492
1605444
1618275
1618857
1619508
1620109
1620629
1621590
1621995
1622592
1623012
1623615
1626567
1627562
1642469
1648822
1652892
1653509
1662605
1663288
1664678
1665191
1668391
1670039
1671462
1672093
1673282
1698060
1714686
1715591
1716278
1717080
1718073
1725860
1727807
1729818
1741285
1742535
1744109
1744987
1747703
1748550
1749271
1750426
1751017
1761930
1762662
1763530
1764882
1768477
1778002
1800926
1801849
1820994
1821079
1822604
1824309
1839680
1840314
1842563
1843275
1844165
1845473
1846690
1857100
1869918
1877001
1878115
1883254
1886686
1892247
1893482
1894375
1898632
1898891
1899659
1900080
1900578
1901441
1909433
1912282
1913790
1917063
1918040
1919962
1920701
1923088
1947693
1954192
1954803
1958006
1958526
1959162
1970434
1976121
1979240
1980239
1981297
1982314
1988371
1998255
2000191
2000500
2002378
2002566
2003141
2003769
2005657
2021070
2078980
2079158
2082780
2089448
2092009
2093144
2095128
2117149
2117679
2124601
2125453
2126452
2128601
2139418
2140080
2141201
2141762
2142382
2143808
2145071
2145664
2146342
2146873
2148194
2149282
2149806
2150436
2150830
2151567
2152302
2157295
2158758
2159469
2161713
2207616
2208222
2209455
2209825
2210767
2212149
2219159
2262906
2263356
2264124
2264596
2264681
2265008
2265528
2265693
2267867
2274573
2282176
2283123
2284385
2285694
2287386
2288132
2288797
2289222
2289874
2292278
2294001
2295467
2318236
2319172
2321472
2322041
2331491
2339938
2340738
2343422
2353607
2359770
2360646
2361218
2361914
2363243
2364147
2365417
2370824
2371535
2372262
2372847
2380454
2380884
2417945
2430385
2431238
2432909
2434852
2436335
2437778
2438569
2439334
2441212
2442890
2458683
2459324
2459881
2460835
2483208
2484065
2496066
2496545
2497204
2498018
2499251
2500974
2502602
2506594
2527224
2527518
2528131
2528930
2529705
2549708
2569917
2570783
2575877
2582373
2583534
2584621
2585427
2586059
2586567
2587421
2588668
2589526
2590362
2591174
2591848
2592385
2594191
2608526
2614169
2614651
2615380
2615682
2616404
2617423
2618447
2619451
2632237
2633568
2637005
2639972
2641018
2654967
2656020
2658269
2659102
2660891
2661494
2663212
2668443
2709089
2726045
2735838
2736079
2737254
2739138
2746855
2747423
2748658
2749181
2750072
2751628
2789373
2790905
2792928
2793228
2796797
2797457
2806370
2807557
2819292
2820394
2821509
2822520
2823447
2826043
2833260
2833867
2836322
2836845
2837438
2838129
2838287
2839300
2844962
2851928
2852596
2854260
2856885
2858103
2859257
2860153
2860446
2861165
2862103
2863794
2864483
2865040
2866932
2885930
2888785
2892218
2899125
2900142
2906491
2914278
2921847
2926860
2934342
2937422
2940299
2940880
2974350
2975404
2981994
2986779
2987418
2987941
2988567
2989051
2989548
2990738
2991188
2991624
2992217
2993104
2993631
2994345
2995813
3006196
3014721
3018668
3023202
3025217
3037742
3046509
3048634
3048661
3059551
3060723
3062649
3063353
3063860
3064135
3064507
3065780
3071111
3072004
3073110
3073594
3074152
3075316
3076008
3076678
3092125
3093828
3094263
3094755
3095275
3095892
3097214
3104328
3107111
3109092
3154242
3164803
3168160
3173741
3178644
3182143
3183108
3184221
3185399
3186365
3187415
3195622
3196376
3197225
3198746
3200634
3201801
3208128
3210348
3222912
3223398
3224661
3226295
3228327
3231286
3237056
3243008
3244420
3260050
3261952
3263074
3264372
3283078
3284683
3285982
3286605
3288402
3291500
3304473
3305090
3305830
3324371
3327407
3329655
3333381
3335489
3342815
3347532
3362886
3363385
3364902
3366125
3371349
3376330
3377619
3394289
3395524
3408727
3410819
3414227
3422192
3424574
3433988
3434743
3440744
3442287
3448331
3448799
3449612
3452259
3452893
3453423
3454187
3456083
3457793
3459401
3470061
3478617
3480623
3482790
3490610
3491218
3491611
3492085
3492592
3493168
3494293
3495006
3508113
3509206
3522490
3525616
3530146
3530912
3531585
3532286
3533522
3534155
3534831
3535194
3535675
3539974
3541951
3556491
3557216
3559697
3564950
3568778
3574855
3606246
3613253
3613968
3614723
3621605
3635287
3636859
3643898
3653922
3655723
3659354
3660345
3674062
3675046
3676589
3683193
3685115
3687233
3705838
3706946
3712685
3713210
3713646
3714125
3714634
3715329
3716074
3716419
3717324
3722569
3726616
3730434
3733794
3738862
3740847
3744597
3756686
3762871
3766576
3773426
3784399
3785185
3790493
3791507
3793073
3800872
3801442
3802489
3803243
3804156
3805786
3817936
3827581
3829992
3831261
3839281
3840248
3841422
3842530
3843201
3843979
3846159
3846209
3846644
3848419
3848976
3880169
3881656
3883950
3889746
3891438
3892046
3892780
3894146
3894747
3894953
3895715
3897780
3907356
3908057
3908951
3909586
3910245
3911129
3912002
3927013
3929239
3930080
3931027
3942217
3943732
3954057
3974223
3975229
3981599
3982249
3982710
3983180
3986405
3990753
3994948
4018061
4019579
4020156
4025533
4051540
4052462
4053858
4058586
4067377
4077535
4078346
4080034
4080383
4085402
4099422
4102895
4103679
4104619
4105747
4112891
4113695
4114294
4114793
4115758
4116451
4117576
4125202
4128717
4130014
4130774
4131870
4156389
4161100
4162238
4162918
4163808
4164803
4165451
4166382
4176922
4195666
4197936
4200306
4215680
4216184
4216773
4217290
4218092
4219431
4219477
4235975
4237373
4237910
4238872
4239116
4241234
4243958
4245893
4259995
4263867
4265188
4266195
4268179
4284977
4294154
4294725
4295309
4296141
4309047
4310648
4319380
4320414
4321344
4332773
4338439
4361145
4361786
4362445
4363288
4364281
4365395
4369536
4371118
4374727
4375393
4376164
4376753
4379073
4384446
4385501
4386414
4398007
4422134
4425912
4427167
4445441
4446038
4446461
4447495
4447840
4448293
4448833
4449420
4474695
4475401
4476371
4508555
4509629
4511037
4512877
4513671
4513873
4514303
4518536
4519084
4519672
4521447
4523563
4524677
4526897
4528582
4530020
4530125
4530828
4531678
4539653
4542323
4558833
4562477
4569614
4570776
4572974
4573927
4574846
4619445
4620766
4623373
4624419
4624721
4626347
4627253
4627763
4628222
4629258
4630076
4636540
4638386
4639435
4645647
4649715
4653527
4670555
4671594
4682347
4682956
4686754
4688175
4703784
4705608
4707077
4717319
4717837
4718405
4718914
4719478
4719898
4720313
4721018
4721438
4722364
4723187
4723769
4726079
4732576
4733622
4737178
4748481
4766814
4769266
4770687
4770923
4774552
4779121
4787408
4798821
4823380
4824119
4824667
4825061
4825577
4826035
4826400
4826870
4827805
4828980
4829793
4830149
4830504
4830876
4831512
4831953
4832320
4832812
4834816
4858279
4862634
4863216
4892381
4895329
4895942
4896509
4896630
4910998
4911993
4912020
4913552
4915391
4917299
4918107
4919933
4922198
4951347
4953211
4961980
4979970
4993931
4995843
5019926
5024498
5025488
5032310
5047534
5082405
5083655
5089511
5089967
5090884
5091537
5092028
5094784
5095487
5097415
5098183
5099045
5100881
5101401
5105238
5106284
5106858
5124485
5126232
5129533
5130966
5132617
5137744
5138721
5141802
5143811
5144692
5154738
5158825
5160661
5161670
5167984
5169390
5170124
5170771
5177972
5184304
5188314
5191115
5195544
5204879
5205838
5206596
5228392
5229268
5229904
5231219
5235532
5237461
5238196
5240324
5243863
5247729
5248553
5249317
5250167
5250533
5258168
5258847
5259445
5260034
5286680
5312187
5313904
5315366
5317406
5336578
5337697
5339044
5339386
5339823
5341322
5342412
5343502
5344851
5353052
5355617
5355954
5367665
5373369
5401390
5410468
5411509
5420978
5423639
5446168
5447612
5453147
5453904
5454586
5455965
5459379
5473237
5477250
5478438
5489697
5493824
5494072
5494414
5504341
5505706
5506448
5507146
5507708
5508311
5509077
5510378
5511774
5514631
5515136
5532283
5533686
5538132
5539732
5546240
5547970
5548573
5549506
5556007
5557491
5558508
5563990
5570047
5579111
5581501
5583744
5592954
5598506
5599798
5603670
5604435
5610207
5613743
5617002
5632057
5633765
5642296
5644202
5648160
5648608
5649632
5665855
5670895
5671934
5677015
5678665
5679438
5679886
5681117
5682096
5689076
5691100
5692080
5692727
5695630
5696510
5697492
5714741
5717430
5718633
5719379
5735700
5736841
5737684
5738259
5739003
5740708
5743077
5743126
5749968
5750881
5752337
5761164
5762895
5768679
5778465
5804298
5811716
5814171
5814927
5817577
5818351
5827660
5830893
5859730
5864014
5865003
5874372
5876270
5888972
5889823
5890428
5891222
5892578
5893139
5908065
5910168
5916109
5923748
5928982
5936127
5938485
5942112
5962364
5966366
5969953
5970766
5971476
5973958
5995477
5999150
6009674
6011129
6022284
6026783
6027919
6048926
6053589
6054248
6055857
6060379
6072222
6077156
6086076
6094836
6101218
6102932
6107403
6109496
6113739
6114274
6115611
6121424
6122999
6127925
6128893
6129564
6134845
6136814
6137288
6139355
6145032
6163083
6172885
6177177
6180537
6181160
6181957
6182906
6184339
6185265
6186026
6219803
6220482
6221482
6222263
6223310
6223914
6224380
6224477
6225073
6225169
6225607
6242899
6245110
6254034
6272345
6273176
6273994
6280763
6300216
6303357
6311808
6313393
6314189
6329057
6337889
6345491
6346168
6346728
6347352
6348372
6351238
6358995
6360183
6361513
6362543
6363341
6364242
6364709
6365474
6366907
6369931
6412811
6413623
6415722
6429294
6452723
6453506
6454046
6454470
6455214
6456753
6457065
6477181
6477732
6478757
6479465
6480130
6480717
6482054
6495146
6509264
6510890
6513363
6513486
6516573
6522104
6524068
6528992
6529802
6530332
6530834
6531982
6532618
6533038
6533510
6534052
6534799
6535263
6535609
6536640
6538960
6539797
6541159
6548014
6558975
6560024
6561152
6565645
6569473
6576173
6576858
6577507
6589264
6590073
6590880
6607164
6607970
6609610
6611012
6611277
6614458
6622084
6630700
6635156
6654020
6654742
6655451
6657251
6668493
6669821
6673259
6674928
6675698
6676377
6677262
6678277
6686391
6694021
6694561
6695466
6698560
6710183
6711591
6712715
6719395
6726772
6727367
6764452
6774005
6775433
6780004
6782748
6783700
6784824
6791534
6798254
6801115
6801819
6802329
6803989
6804779
6805261
6818324
6818964
6831885
6837863
6851974
6853114
6856223
6858146
6859349
6860313
6861020
6861658
6861974
6862296
6862667
6863084
6863456
6863942
6864325
6865078
6867543
6872615
6883118
6893985
6896900
6897867
6899043
6900474
6901534
6902380
6902982
6903906
6905532
6906695
6907595
6909375
6911032
6912576
6924010
6928413
6929097
6932325
6936651
6937635
6946332
6946927
6947439
6975999
6977318
6978654
6996202
7015448
7016608
7017724
7028611
7029590
7030737
7031699
7032389
7040621
7044945
7045646
7052612
7053481
7054431
7065542
7075897
7097671
7105608
7106144
7106679
7107244
7107898
7124603
7125459
7128434
7131498
7132419
7137138
7150917
7155251
7161865
7162369
7163276
7171355
7201095
7201664
7202189
7203435
7204095
7211735
7221098
7239510
7240667
7244371
7244633
7245130
7246371
7254450
7259258
7261297
7262000
7264966
7266227
7276178
7297510
7304749
7306063
7313649
7323206
7325679
7327810
7328611
7335238
7365659
7378397
7379339
7386504
7389860
7390713
7391559
7391762
7392547
7395961
7403367
7404280
7415249
7416238
7416822
7418783
7426124
7428164
7429165
7431296
7434856
7435867
7436413
7437049
7437847
7438398
7439671
7440119
7441735
7460057
7460741
7461757
7480600
7482945
7484415
7485104
7487268
7489372
7500278
7500307
7501854
7503963
7507310
7508201
7509778
7512299
7528180
7529267
7530063
7533619
7534765
7538760
7543033
7561402
7561942
7562690
7563865
7564878
7580194
7591843
7592582
7593612
7595571
7597202
7598638
7622964
7623639
7624233
7624578
7625203
7625820
7626929
7631130
7650600
7655561
7683129
7684463
7685226
7687915
7698086
7701781
7703256
7707485
7708361
7709325
7726249
7750957
7764910
7771638
7775660
7777623
7809692
7816215
7817079
7817806
7823559
7825040
7825994
7832764
7833260
7833980
7834527
7836822
7850421
7885375
7885868
7886708
7887823
7888443
7889951
7890506
7891109
7892177
7897284
7897785
7903833
7904504
7905760
7908925
7930939
7931802
7934410
7964260
7975515
7976138
7976599
7977663
7978382
7979064
7980054
7981572
7993291
7994040
7995120
7995918
8006972
8007501
8008706
8009910
8010847
8012163
8012803
8013488
8014866
8016369
8019389
8024662
8026096
8041310
8046465
8048387
8060448
8072166
8117214
8118121
8119021
8119857
8124864
8127920
8142785
8144421
8146778
8148125
8151658
8152159
8153246
8157973
8160118
8175973
8177166
8182997
8195167
8211924
8218280
8219117
8219661
8220086
8220647
8221061
8222018
8222326
8222927
8223733
8224546
8225146
8225832
8227054
8227706
8231921
8241953
8242680
8243484
8244372
8245564
8253537
8257376
8259198
8260538
8261812
8262450
8268089
8288953
8296015
8297226
8298510
8303806
8304563
8309848
8312076
8313735
8315588
8323330
8324505
8325040
8328524
8341407
8345433
8348835
8368633
8369119
8369567
8370956
8389685
8390453
8390929
8391373
8392111
8392783
8393712
8394824
8396380
8397173
8400092
8405804
8406402
8407275
8416483
8443612
8444189
8444735
8445427
8446306
8447050
8451357
8454320
8455827
8469920
8471428
8502763
8506595
8508262
8514107
8515662
8516626
8518099
8519265
8564700
8565850
8566289
8568801
8570353
8571123
8571916
8578852
8580395
8580815
8582097
8583142
8583739
8584398
8585720
8587620
8588105
8590546
8625824
8626710
8627438
8628312
8628872
8629537
8630146
8631320
8631971
8632710
8633547
8634291
8635439
8636230
8637091
8637746
8638380
8638936
8640225
8640934
8644191
8682905
8683551
8683957
8684415
8684853
8686186
8689265
8692085
8695838
8698458
8700278
8702045
8704164
8727145
8728683
8729370
8730059
8730654
8731970
8733347
8734923
8737182
8738044
8738939
8740251
8740959
8747320
8749685
8765825
8767960
8775570
8796607
8799960
8810294
8827700
8844518
8846018
8847167
8855428
8856782
8858495
8864079
8865126
8871766
8873096
8874060
8888020
8909783
8911550
8912325
8912839
8913312
8914465
8915828
8923779
8925739
8927574
8935609
8936310
8939386
8940101
8940695
8941242
8941772
8962037
8964280
8965500
8967491
8968218
8970394
8981053
9000104
9001528
9002575
9003454
9004593
9005333
9006262
9008244
9028979
9030183
9030769
9031362
9032016
9032608
9033104
9034252
9034781
9036431
9048578
9049188
9052954
9073872
9079430
9080371
9082300
9083334
9085994
9095913
9096848
9099647
9103858
9117319
9129183
9129827
9130072
9132429
9133430
9138389
9150497
9150942
9151476
9153185
9156233
9157175
9165677
9166507
9168707
9170070
9170884
9185754
9209426
9220706
9221858
9223749
9225853
9227539
9229189
9230262
9230733
9231573
9232268
9233621
9235047
9238280
9239469
9252285
9252472
9267413
9267892
9268796
9271364
9272479
9274290
9275351
9278519
9279333
9279968
9281233
9282862
9299899
9300943
9320713
9323641
9324076
9326041
9342109
9344266
9346019
9347485
9361321
9361382
9363417
9363659
9363954
9364711
9364982
9365067
9365508
9366851
9368187
9379441
9379805
9388522
9389155
9390359
9408815
9410459
9412885
9413675
9424276
9454948
9456147
9457970
9460434
9467356
9472896
9473642
9479612
9503149
9510909
9512714
9513276
9513915
9515038
9516169
9524154
9524783
9526114
9526833
9528638
9529545
9530926
9532176
9539910
9541101
9542356
9545044
9545858
9546748
9547907
9548906
9550652
9550677
9552631
9554235
9556475
9557037
9563096
9585165
9587588
9614978
9626692
9635678
9638542
9665048
9666431
9666920
9667383
9667894
9668292
9668694
9669206
9669707
9670128
9670571
9671027
9672352
9673176
9682716
9685701
9686327
9687283
9689122
9703124
9704323
9706041
9721498
9722230
9738944
9740224
9740913
9744070
9745645
9746384
9746437
9747088
9748136
9774094
9774505
9776252
9777407
9778451
9779274
9780173
9781562
9782846
9784104
9785816
9786364
9788019
9789166
9807502
9809432
9811165
9811210
9812577
9813367
9814209
9814831
9822364
9823938
9825307
9826602
9827413
9828663
9832563
9833270
9834450
9835827
9836415
9836898
9837440
9837832
9838245
9838664
9849366
9850585
9851223
9851791
9852361
9853299
9854013
9854747
9866783
9871049
9877417
9877515
9881300
9909060
9919726
9920121
9937024
9937907
9938405
9939160
9940703
9941243
9941934
9951190
9953120
9959689
9973209
9974194
9975613
9980452
9988760
9989543
9991970
9992830
9994412
9996136
9996515
9997425
9998768
10009369
10009972
10010636
10011278
10011715
10013568
10014303
10015228
10020090
10021248
10028436
10029621
10032407
10041275
10042438
10044431
10047521
10091252
10091745
10092657
10093913
10094646
10112780
10114071
10115988
10122625
10131121
10134354
10145956
10146727
10147202
10147720
10148569
10152091
10152873
10155467
10158311
10158971
10167998
10183266
10184720
10186968
10187999
10189054
10189127
10232028
10234767
10239281
10242029
10242791
10243379
10245961
10270484
10271608
10273650
10296211
10296832
10298594
10298968
10304612
10319634
10356639
10360004
10361395
10362044
10362906
10364117
10365069
10377810
10386999
10389684
10408312
10410642
10427906
10429695
10433152
10434771
10435356
10437732
10438481
10438915
10439747
10440074
10440427
10440763
10441307
10441601
10442083
10442738
10443128
10444319
10444507
10445959
10459784
10463228
10467329
10468290
10468796
10469238
10469715
10470248
10470738
10471727
10472991
10474657
10475679
10477965
10481945
10484825
10490525
10491778
10498403
10519300
10520349
10521665
10522972
10531703
10537814
10539157
10539689
10540223
10541090
10542360
10544898
10545691
10552394
10554927
10573477
10574426
10588886
10590899
10592033
10596629
10597801
10618920
10621776
10623002
10624924
10626170
10632971
10633707
10650890
10670273
10672068
10676602
10677347
10679173
10679805
10699156
10715717
10721709
10722718
10724541
10725214
10725719
10726763
10731859
10732482
10734793
10740371
10750119
10752013
10754346
10756671
10758603
10759162
10760146
10760839
10761642
10804203
10804748
10807965
10812532
10815718
10836913
10839583
10843683
10851868
10854543
10855401
10878466
10892182
10892885
10893256
10895049
10895876
10900886
10907394
10908393
10909153
10909819
10910875
10912754
10921056
10923620
10928020
10942325
10942853
10943801
10944377
10944727
10945044
10945436
10945714
10946003
10946678
10947314
10948102
10950086
10965951
10967844
10968983
10969639
10970093
10970905
10989195
10991871
10992759
10993401
10993818
10994333
10994757
10995082
10995781
10999820
11020738
11027414
11028774
11030730
11031390
11032646
11043511
11052366
11063233
11063597
11064205
11066569
11068539
11069744
11080700
11090562
11091482
11092322
11093860
11101807
11102850
11116328
11118813
11135619
11136457
11137263
11137757
11138382
11138856
11153612
11154683
11155967
11157637
11164516
11167345
11169531
11172200
11183407
11185592
11188572
11194971
11195514
11205178
11206411
11214677
11264066
11264778
11265455
11266678
11268842
11270977
11271618
11272326
11274664
11275744
11277612
11278911
11279652
11296032
11313368
11314853
11323458
11324509
11325240
11326474
11327070
11327692
11328240
11328927
11329391
11329947
11331735
11353096
11354041
11355298
11356379
11356835
11357421
11358104
11359200
11359819
11363258
11366779
11369724
11376871
11387020
11387403
11387943
11388464
11394181
11402704
11427964
11428492
11431182
11435896
11445439
11447227
11454950
11468196
11469644
11470602
11486258
11487395
11497109
11497662
11498904
11527276
11528329
11530588
11532117
11532649
11533177
11533668
11534328
11537025
11537743
11540780
11540806
11542836
11545220
11555440
11556839
11557456
11565428
11565640
11566130
11566825
11567475
11595253
11596234
11596462
11596817
11597153
11598782
11603019
11603893
11605376
11620940
11627678
11629304
11631604
11632536
11633320
11633750
11637637
11670253
11671312
11673798
11676337
11676850
11678529
11679039
11680467
11681256
11700647
11701373
11702012
11702349
11711581
11724362
11732847
11733927
11734138
11735485
11736440
11740236
11743204
11743728
11744168
11744735
11745127
11746171
11747135
11760777
11762012
11763280
11767037
11776810
11800670
11822675
11824100
11825741
11825861
11826804
11830467
11853049
11867387
11870434
11872691
11873207
11873759
11873859
11874793
11875381
11876908
11892661
11899857
11908657
11909947
11915518
11916999
11917888
11924183
11933835
11944855
11945488
11946513
11948749
11960595
11971780
11976261
11977025
11978160
11978673
11980462
11981479
11984121
11986047
11986372
11986781
11987672
11987837
11988151
11988288
11988798
11989576
11990279
11995901
11997025
11997613
11997975
11998235
11998944
12000171
12001700
12002860
12004058
12017854
12018641
12022249
12022443
12028637
12030837
12031008
12032167
12032755
12033482
12040502
12043248
12045389
12045881
12046396
12046837
12047275
12049433
12050015
12051396
12063281
12066493
12080782
12087276
12100699
12103829
12105921
12109926
12110736
12114120
12121073
12122540
12124002
12124797
12125850
12127781
12165308
12173252
12187536
12187977
12188182
12188445
12189049
12199647
12200618
12215395
12235934
12236844
12237545
12239887
12240601
12242223
12243145
12244745
12245499
12248657
12265019
12272622
12275568
12276120
12276915
12277981
12278977
12284167
12284521
12287088
12289366
12290312
12310160
12311536
12313416
12314746
12317431
12326024
12352612
12354217
12354776
12380884
12391565
12399052
12403009
12430926
12441390
12445450
12446757
12447255
12447922
12448889
12450388
12454404
12478779
12479640
12481832
12486707
12487251
12487999
12490591
12491871
12492399
12493213
12499799
12500313
12501835
12502466
12503279
12509640
12510095
12510661
12511299
12525682
12526787
12529153
12567280
12578609
12579075
12580817
12581331
12601536
12602960
12604316
12604809
12612102
12618692
12619876
12620273
12620795
12621413
12622775
12623323
12624057
12644601
12645912
12646535
12647799
12650916
12660007
12670668
12676497
12676617
12681379
12693713
12694224
12694852
12696683
12705182
12714466
12717118
12717764
12718367
12718991
12728960
12734625
12747563
12748357
12762654
12764782
12770753
12771376
12771909
12772906
12773369
12773861
12774840
12775832
12777302
12783966
12784573
12785606
12787294
12821030
12824457
12825654
12826132
12827059
12832032
12837795
12844303
12848105
12853409
12854371
12857345
12858026
12858450
12859023
12859615
12860822
12861474
12869978
12871179
12871883
12872577
12877506
12879288
12879809
12882392
12886130
12900479
12902197
12903812
12922219
12929940
12934075
12952304
12953422
12956077
12956506
12957508
12959350
12978145
12990702
12991172
12993175
12994092
12994544
12995760
12996308
12997084
12998259
13002929
13004538
13005034
13008682
13020266
13028736
13067195
13067892
13091775
13102648
13103163
13113419
13133621
13136536
13140988
13142917
13147296
13154275
13155237
13155715
13157255
13157794
13158440
13159685
13160069
13160919
13161718
13162450
13164722
13166551
13169405
13184023
13186587
13187342
13188009
13188950
13189825
13192246
13193477
13194113
13194770
13195574
13221363
13225378
13262170
13263030
13264696
13265863
13266590
13267192
13268499
13269401
13270374
13270959
13271336
13277202
13286400
13308398
13309909
13311602
13318911
13322862
13337805
13339846
13343354
13348827
13349682
13350196
13355744
13357482
13357670
13358441
13359498
13361190
13363635
13364591
13367267
13368698
13369440
13370277
13371142
13374903
13377723
13387288
13395106
13396905
13399660
13401680
13409420
13411477
13412447
13414655
13424065
13440771
13442381
13443774
13447673
13449746
13450372
13450857
13460284
13460367
13461915
13472874
13474110
13500508
13502182
13503510
13507440
13520175
13527391
13533536
13537917
13555656
13556140
13557307
13557752
13559655
13560537
13561999
13569157
13569660
13570049
13596701
13597206
13597716
13598626
13602244
13603024
13613363
13616119
13621347
13638966
13640734
13642369
13643860
13651016
13669878
13675388
13681656
13684599
13685461
13689401
13689921
13694002
13694742
13697389
13698408
13704256
13705080
13722280
13737676
13738198
13740077
13740617
13741112
13743404
13748120
13748841
13749634
13750182
13752070
13758293
13766082
13767923
13772350
13784308
13796707
13815262
13815881
13816622
13820286
13820822
13821693
13822518
13831599
13843341
13852057
13857778
13869442
13872700
13878097
13879056
13879937
13895660
13898131
13913597
13916785
13922418
13953698
13959065
13960757
13961846
13962267
13962797
13963495
13964324
13964868
13967853
13980370
13981634
13993832
13996043
13999311
13999854
14008866
14009912
14011371
14011958
14012937
14027809
14028125
14034713
14035126
14036004
14072990
14081384
14084913
14104808
14105598
14106134
14108089
14120753
14122060
14122918
14124006
14124653
14125360
14125707
14126202
14150754
14154276
14156419
14156847
14157319
14157913
14158766
14166192
14166503
14167704
14168363
14196320
14205890
14235617
14240440
14242225
14245205
14259334
14266727
14285530
14296377
14300549
14306977
14308627
14309378
14309953
14310347
14310758
14311158
14311797
14312361
14312909
14313202
14313622
14314061
14314641
14337466
14338139
14346774
14352670
14362492
14363870
14367227
14368142
14369351
14371242
14372438
14374038
14375056
14375288
14377220
14402890
14402994
14403777
14404286
14412839
14415319
14416048
14421450
14426431
14433083
14438244
14461233
14462431
14487449
14488960
14492245
14493349
14494104
14495360
14501227
14524822
14529292
14532293
14534379
14538720
14539625
14548614
14549365
14555147
14558071
14570110
14570768
14581201
14582009
14600198
14600592
14600771
14601827
14602995
14605034
14606362
14606868
14607315
14608201
14608265
14608686
14625745
14633535
14649574
14679043
14686320
14688130
14690827
14694517
14706391
14715922
14718485
14718525
14722173
14731161
14732352
14734338
14735378
14740498
14741386
14743865
14745168
14746258
14756839
14757111
14773751
14776115
14776993
14798427
14821284
14823778
14850541
14865275
14865795
14866318
14866758
14867145
14867904
14869020
14880410
14883863
14885603
14886159
14886884
14888989
14892328
14892632
14893466
14894699
14895323
14896718
14919871
14934128
14935683
14943398
14963923
14966651
14978776
14980069
14980919
14981347
14982246
14985111
14998543
15011546
15014065
15015775
15034855
15036058
15037174
15037224
15041361
15069657
15086101
15096738
15097580
15098659
15100811
15111025
15141042
15142022
15142613
15143129
15143569
15143934
15144329
15144836
15145334
15145721
15147117
15147700
15177261
15177996
15179980
15180815
15182554
15187374
15211335
15225761
15226951
15227834
15239088
15239803
15273978
15275212
15276887
15277585
15279182
15280026
15300133
15302120
15310118
15332867
15334672
15334734
15337990
15339773
15340359
15340871
15341730
15342194
15343908
15359599
15361010
15375999
15382777
15385863
15387600
15388039
15388550
15389004
15389484
15390022
15404739
15405605
15407265
15410401
15411856
15412887
15414764
15415021
15415653
15416569
15417827
15423895
15437227
15439772
15441383
15442436
15446970
15457654
15463532
15472899
15487459
15491662
15492437
15493024
15494357
15496516
15512518
15517015
15520435
15521825
15522878
15537233
15539324
15541584
15544410
15553533
15563450
15565914
15571778
15573823
15586736
15587983
15589605
15590264
15590965
15594554
15596209
15596851
15605661
15607628
15608970
15610633
15612980
15613445
15614719
15615491
15616458
15620334
15622640
15672048
15672658
15673090
15675328
15681739
15683710
15694739
15695845
15697421
15697996
15698590
15699594
15752045
15758820
15760737
15762970
15764424
15773532
15781731
15782588
15783735
15786936
15788007
15788807
15790642
15793559
15807105
15808371
15809095
15816122
15816202
15829889
15831823
15831981
15833147
15836353
15837679
15838931
15841179
15841973
15844054
15848450
15848586
15849892
15850663
15851522
15852190
15858112
15875049
15877599
15881494
15883097
15883193
15884015
15885713
15886048
15889153
15894738
15900002
15909923
15916560
15922474
15945085
15945674
15946528
15952645
15967354
15973475
15979950
15981196
15982332
15986521
15987361
15988778
15990532
16007961
16008806
16010256
16013316
16014138
16014919
16015468
16017120
16019085
16019796
16020765
16021563
16028232
16036938
16043765
16044277
16044712
16045561
16047665
16047841
16048350
16049918
16050381
16050896
16057555
16066213
16068164
16069072
16070652
16095038
16095269
16097304
16098949
16099795
16100777
16119325
16120687
16141371
16149425
16153029
16156951
16164915
16167771
16171705
16172461
16175819
16202040
16217432
16218287
16219255
16220482
16222027
16231883
16232073
16233291
16251306
16258935
16260673
16261614
16262097
16262523
16263272
16264151
16274541
16275305
16288142
16292019
16295445
16296038
16296963
16298448
16300964
16317698
16318872
16323763
16324152
16325481
16325974
16326427
16326868
16327548
16328212
16330941
16332489
16332537
16337253
16339150
16355637
16365127
16366178
16369069
16369583
16371692
16374511
16375240
16375792
16376432
16377328
16386484
16387105
16388091
16403382
16405077
16407697
16408947
16410244
16411256
16412395
16413123
16414661
16418396
16427915
16437906
16441810
16442326
16442953
16443370
16444946
16445415
16446265
16447099
16453398
16454001
16455624
16456447
16458810
16459896
16460396
16460853
16461499
16462297
16464900
16467037
16467605
16470922
16477898
16481903
16492741
16494207
16499542
16506628
16508382
16527523
16530778
16541038
16552755
16556184
16561334
16562853
16565628
16566320
16567418
16585286
16587360
16587838
16588942
16590623
16593292
16596347
16602146
16603857
16604349
16604790
16612060
16626243
16629461
16652098
16652920
16653499
16654676
16655570
16660536
16662055
16670692
16671254
16676500
16682407
16682917
16684830
16685399
16685887
16688994
16695122
16708678
16722442
16755653
16757858
16762271
16763473
16767941
16768586
16772319
16774022
16774460
16775012
16779492
16806323
16809088
16824638
16840080
16841053
16843032
16844359
16861281
16865731
16874352
16875208
16876253
16877761
16878311
16879105
16881466
16885794
16888331
16899265
16913023
16938558
16939839
16951206
16952055
16957300
16964926
16965726
16966283
16967560
16968484
16972105
16973098
16996781
16999336
17005289
17006713
17008112
17008847
17018111
17019209
17020601
17021179
17021700
17022177
17024227
17025021
17039819
17040275
17040448
17041438
17045978
17047144
17056661
17058060
17078639
17080239
17101111
17112245
17113600
17114558
17120711
17124135
17124704
17125336
17131419
17140427
17145876
17145949
17148231
17156802
17173648
17177867
17180842
17188021
17188620
17189168
17189864
17191683
17192230
17193275
17194832
17196699
17201946
17203371
17204286
17204968
17210000
17216344
17217569
17219861
17238441
17239197
17245376
17246187
17247760
17249916
17261595
17264575
17267000
17269020
17271453
17273722
17293090
17300598
17317245
17333347
17335509
17336783
17343684
17352573
17354420
17355625
17356508
17358732
17366702
17379960
17382797
17384733
17385190
17385720
17386203
17387019
17388641
17392636
17394060
17408222
17409751
17411754
17452074
17453834
17456752
17458913
17459549
17479146
17479765
17480457
17481247
17482942
17484364
17499464
17501901
17503588
17504534
17506298
17520498
17521111
17522046
17560210
17561144
17561800
17562542
17566492
17568200
17569865
17571110
17571929
17580746
17585692
17586612
17587604
17604366
17625250
17628087
17629620
17631017
17632295
17632706
17633337
17636122
17639075
17639705
17659188
17666489
17674525
17687847
17691613
17698353
17699872
17701569
17707752
17712102
17712713
17713792
17716509
17724329
17725176
17735109
17737779
17742338
17757370
17766310
17768213
17772448
17775207
17781982
17785281
17785595
17790895
17798354
17804305
17811000
17821696
17822297
17822926
17849727
17850417
17851417
17852299
17852766
17853182
17869243
17871674
17874486
17878680
17880958
17883178
17901126
17906313
17907395
17909600
17934634
17949028
17949560
17949957
17951058
17952330
17956423
17957598
17957956
18005805
18012327
18023397
18024245
18029400
18030390
18031502
18032392
18033860
18046274
18054372
18055144
18056880
18058270
18066104
18083154
18084642
18087894
18091153
18092024
18093186
18094215
18095572
18098488
18119509
18121493
18131417
18132271
18133517
18136414
18147853
18148695
18149994
18151490
18152481
18153859
18154765
18156136
18171016
18173262
18175198
18175347
18203627
18207834
18208900
18210061
18210672
18211811
18217702
18220266
18234795
18255889
18257908
18267352
18267952
18272556
18274280
18274949
18275432
18275784
18276295
18276874
18277472
18279358
18280057
18281367
18286891
18295548
18299377
18299839
18300464
18301834
18315667
18318652
18335223
18335763
18336252
18337401
18338274
18338790
18339318
18339868
18340675
18341010
18342880
18343249
18344104
18344484
18345064
18347478
18357408
18360802
18374176
18387989
18396385
18405872
18417100
18458205
18459197
18460470
18461154
18462748
18468822
18469686
18470978
18473447
18473880
18474794
18476232
18477831
18478613
18493901
18495050
18496209
18497404
18497787
18498216
18498531
18498904
18499987
18500873
18501386
18509165
18523592
18524444
18530943
18532761
18533609
18536400
18537819
18542680
18562515
18563092
18564559
18578206
18580041
18585225
18626708
18629639
18632095
18632877
18633011
18639399
18642209
18646772
18668467
18673758
18674767
18677973
18678800
18681975
18682561
18684030
18685393
18686120
18694619
18701198
18723963
18738877
18739049
18740373
18747401
18748368
18749789
18750748
18759506
18760249
18761231
18777716
18783114
18787755
18788711
18790668
18792306
18794722
18796525
18810754
18811856
18814119
18832908
18839049
18839336
18841992
18842757
18843820
18845447
18849381
18852590
18855395
18862188
18862525
18862924
18870067
18871376
18871854
18872711
18881169
18912290
18914380
18915547
18918149
18919230
18926374
18929297
18930133
18937515
18939325
18967256
18968696
18972941
18974774
18975431
18991104
18993144
18993975
18994459
18998049
19000350
19030821
19031210
19033160
19052884
19053412
19054749
19055093
19055467
19055874
19056397
19057710
19058237
19058830
19060201
19063304
19066889
19081959
19082669
19083241
19083768
19084163
19084918
19085626
19085801
19086314
19086644
19128956
19132463
19139550
19142119
19143379
19143611
19150022
19151039
19152166
19153389
19166865
19167477
19169057
19173365
19174227
19175834
19195578
19198253
19212216
19220194
19235822
19236972
19242934
19243621
19268980
19270362
19271518
19272996
19278663
19281934
19286287
19286715
19287283
19288171
19294257
19304261
19318955
19319538
19320358
19320884
19323771
19324973
19353430
19356861
19357255
19358161
19359292
19360129
19360625
19375739
19376930
19378653
19390839
19391426
19392571
19395690
19412440
19416141
19417108
19433231
19435422
19437476
19443717
19446087
19446472
19446832
19447136
19448059
19448757
19449944
19450329
19450989
19454140
19479956
19482137
19482785
19483883
19497683
19503369
19516813
19525816
19526402
19527261
19530489
19532950
19534534
19550553
19555440
19556990
19557926
19559218
19567397
19569969
19572270
19581349
19583294
19586134
19590781
19595495
19620017
19620889
19632571
19633677
19639629
19641538
19652568
19653216
19654565
19655348
19656595
19670069
19670307
19675666
19679150
19679762
19679826
19686699
19690541
19691117
19693833
19700170
19700709
19701989
19703717
19741723
19743067
19744101
19744737
19746923
19747721
19748858
19749746
19769786
19779271
19803253
19803748
19805330
19806372
19808653
19809868
19810924
19813686
19818068
19818922
19820206
19820838
19822846
19823313
19836584
19837522
19839164
19841467
19843171
19860101
19860680
19862701
19863171
19863910
19865794
19867576
19877244
19877962
19878006
19879189
19879974
19880846
19882157
19883631
19884336
19885412
19894551
19908337
19909465
19910134
19910568
19914418
19915011
19915375
19920850
19925767
19925872
19926853
19927825
19928472
19929045
19929479
19930017
19932046
19967252
19968079
19992846
19999093
20005290
20006173
20006609
20007117
20016151
20020488
20027906
20028773
20030424
20032244
20034666
20035152
20036348
20043846
20045158
20063832
20064473
20071226
20072033
20072806
20073310
20074581
20077172
20087121
20088073
20097079
20098003
20098354
20101621
20104505
20105587
20106358
20107018
20116421
20121825
20122648
20123743
20126581
20144332
20147931
20149950
20153374
20165268
20170027
20178557
20179704
20180603
20193225
20193852
20194399
20196654
20197049
20197435
20197877
20198464
20199005
20215520
20219052
20220518
20221449
20229849
20253948
20255374
20257626
20259745
20261513
20267002
20267605
20274534
20277779
20279456
20282447
20283618
20284334
20284755
20286036
20287290
20288066
20291828
20292587
20293528
20293655
20307229
20308515
20318542
20318936
20320637
20322776
20330791
20335015
20339283
20345402
20346033
20348844
20349516
20356051
20359198
20377422
20378075
20381589
20385097
20397503
20399850
20402839
20403687
20413505
20413972
20414595
20415463
20422559
20425884
20426677
20439835
20439934
20446620
20463704
20464242
20464845
20465265
20465643
20466037
20466943
20467356
20467779
20480179
20485415
20486463
20497350
20510892
20527860
20528752
20529217
20530168
20532540
20533069
20533574
20534788
20535805
20536309
20549214
20549945
20554367
20554984
20568832
20571927
20572917
20575052
20579733
20584281
20586077
20586582
20587450
20588312
20589265
20589560
20589894
20590216
20590894
20591824
20592184
20592716
20599564
20606669
20607128
20611420
20619545
20620799
20633001
20640233
20642003
20644813
20645660
20646295
20648518
20651277
20652401
20652881
20652969
20653493
20655454
20659624
20666419
20667341
20669842
20670748
20707026
20708364
20708753
20709543
20710138
20711795
20712795
20714564
20721524
20727184
20731771
20738969
20742018
20744217
20753126
20755528
20757419
20759901
20760966
20763695
20764348
20768497
20771002
20772157
20774327
20775193
20776787
20779599
20780189
20780861
20781329
20781493
20797403
20797475
20802752
20804514
20805264
20807069
20819867
20820917
20830698
20833313
20838705
20871217
20874632
20874818
20875169
20875784
20879923
20881405
20887385
20889020
20890888
20899773
20906196
20912189
20915233
20923458
20924908
20925478
20926031
20926594
20927613
20928356
20938373
20940102
20943381
20956601
20958423
20959542
20960643
20961527
20962995
20965057
20967825
20985101
20992485
20996817
20998301
21000304
21001485
21002305
21002918
21003411
21005000
21005631
21006554
21007236
21007772
21012084
21013474
21015661
21017183
21019076
21021009
21023057
21024587
21046520
21051481
21052103
21053382
21056937
21061063
21070456
21073580
21074165
21081606
21091770
21093140
21094337
21096017
21099180
21107751
21114726
21115256
21118133
21118910
21122445
21123890
21124385
21126173
21126980
21128357
21131372
21150746
21152468
21155900
21156761
21157474
21157970
21159095
21160571
21188629
21190484
21209951
21215756
21216929
21219114
21220161
21222819
21223537
21240044
21244953
21245515
21247451
21263772
21264496
21265923
21271654
21273131
21274303
21276087
21288218
21288893
21298474
21299886
21300883
21304857
21309005
21320519
21320549
21321136
21322225
21322606
21324006
21324856
21325699
21326318
21327649
21334580
21342505
21350229
21366222
21368783
21384040
21384549
21388433
21404799
21406599
21407727
21434434
21451027
21454833
21468705
21471944
21473514
21475825
21477176
21481305
21484164
21485769
21500603
21509223
21521302
21525440
21533072
21534718
21536638
21539132
21540983
21541914
21543920
21545071
21562476
21564911
21565659
21568884
21570140
21570926
21572421
21573358
21575835
21580103
21603692
21604367
21605304
21606887
21609684
21611353
21617224
21624678
21626292
21627831
21628821
21630700
21633132
21633713
21634532
21645650
21656307
21656906
21664859
21677720
21680544
21682335
21685366
21685965
21686820
21686863
21687390
21688103
21699157
21704508
21705393
21706780
21718975
21720147
21728187
21728891
21737145
21746160
21757544
21758359
21759351
21759788
21773603
21775755
21779298
21783814
21785462
21791758
21792729
21804409
21813757
21814426
21814904
21816061
21835519
21836295
21837248
21837836
21857214
21858416
21859007
21862388
21865176
21866399
21869560
21871552
21872117
21873181
21876585
21883309
21883373
21904821
21906408
21906783
21907868
21908667
21909872
21917704
21918480
21919053
21919790
21925111
21925833
21931712
21941201
21974869
21975497
21979784
21982734
21983653
21984222
21985605
21987557
21992217
21994138
21998479
21999559
22000989
22001975
22005881
22006519
22007743
22021048
22024161
22050127
22050851
22052146
22056925
22057693
22071173
22083270
22083887
22084332
22084954
22086016
22103828
22105894
22107096
22107193
22107606
22109024
22109567
22109646
22110453
22115731
22149254
22150594
22151683
22162132
22166223
22181525
22183435
22184689
22187126
22188146
22188843
22207174
22211849
22212550
22213135
22215755
22217932
22219582
22220219
22221394
22223348
22230532
22234897
22234974
22236213
22243913
22248507
22250578
22251080
22261858
22263049
22264471
22264519
22268684
22275474
22279470
22280303
22283679
22288218
22288713
22289198
22289609
22290121
22290664
22292812
22293900
22295484
22302629
22303953
22306735
22318039
22319055
22327031
22332988
22333976
22343355
22343579
22344707
22345544
22346455
22353164
22357791
22358923
22381622
22382450
22383271
22386147
22386208
22388180
22389721
22392564
22395151
22395765
22404590
22407081
22428258
22430015
22431726
22432864
22433604
22437079
22439031
22453305
22454669
22455770
22456466
22465575
22468305
22468962
22469481
22478205
22478743
22479204
22516415
22518323
22519331
22521450
22522285
22522962
22523439
22524745
22526039
22528530
22529388
22529941
22530630
22531591
22532116
22532636
22533738
22534703
22558127
22563769
22570195
22572871
22573872
22577801
22578944
22581562
22582770
22583563
22584135
22584815
22585456
22586125
22586989
22588374
22591618
22593309
22594039
22594922
22597799
22614850
22620511
22624590
22626726
22636824
22637445
22638072
22642384
22645846
22662777
22679149
22680629
22681413
22681972
22682693
22683395
22684685
22685395
22687552
22691826
22697608
22704338
22712444
22713531
22714848
22715573
22716328
22716800
22717122
22719711
22721769
22730255
22733813
22734760
22735248
22735653
22737673
22738619
22739687
22744693
22746369
22748083
22751194
22751781
22759706
22761291
22771191
22782710
22783428
22784962
22788556
22791325
22793372
22795721
22796246
22797943
22801567
22806433
22809852
22811365
22826043
22837514
22837958
22838906
22840050
22841356
22842059
22842718
22843123
22843522
22844016
22844528
22845120
22845627
22846620
22847491
22852222
22858659
22866426
22872594
22873588
22874262
22877648
22879047
22879782
22880870
22881567
22885490
22886510
22888932
22890071
22893631
22909275
22911218
22912685
22914204
22915584
22919447
22922932
22929923
22955616
22965458
22966570
22969477
22970542
22971155
22972327
22973137
22974593
22983064
22990695
22997340
22998112
22998493
22998918
22999345
22999940
23003109
23007688
23008495
23009601
23011176
23016971
23029938
23030422
23031557
23036559
23039175
23053628
23054985
23055330
23056324
23061475
23062442
23064853
23068855
23085941
23090884
23093617
23096485
23109478
23112101
23115554
23117205
23120982
23122476
23123439
23139359
23157512
23162846
23163387
23164337
23164581
23164781
23165898
23171477
23172250
23173180
23174020
23174328
23174848
23176408
23176482
23177075
23177997
23178732
23180641
23198759
23205609
23206447
23207019
23217281
23220622
23224215
23225075
23229049
23229636
23231675
23232548
23234829
23236906
23238013
23238986
23240148
23242568
23254331
23255483
23257041
23274766
23278773
23278816
23279345
23279977
23288177
23290744
23294748
23295443
23296775
23304159
23306289
23312274
23315072
23316799
23317394
23317890
23318643
23319435
23320640
23322476
23322996
23323677
23342458
23343196
23346045
23348609
23348940
23363813
23370005
23379889
23400352
23401069
23402641
23403369
23407286
23412221
23415320
23424065
23433167
23446479
23447271
23448992
23450453
23452188
23453050
23453433
23453792
23454207
23467452
23472241
23473145
23482456
23485424
23487304
23488365
23511554
23512299
23513368
23514439
23515005
23515441
23515863
23516261
23521053
23533846
23534879
23536260
23538325
23543389
23544131
23548732
23552697
23559834
23565051
23565841
23574964
23576244
23582309
23583266
23584194
23584932
23585718
23586372
23586489
23587951
23589411
23591405
23601390
23602186
23602717
23617880
23618446
23619996
23620836
23621579
23622098
23623639
23627256
23629161
23637709
23642733
23656395
23669937
23684601
23686240
23687555
23688941
23695348
23698092
23702282
23703363
23704960
23710117
23718791
23720332
23721424
23723113
23729478
23736699
23754847
23755909
23760343
23781968
23783069
23804561
23809011
23809675
23810438
23811909
23816718
23817346
23818058
23818658
23819601
23821243
23825226
23826055
23827337
23828146
23829235
23854486
23854522
23856695
23857355
23857960
23869918
23872745
23878492
23879653
23880975
23884862
23897038
23898044
23901739
23904347
23904821
23906274
23917322
23917844
23920114
23924775
23934435
23936013
23937250
23938131
23941667
23948556
23951568
23953937
23955669
23955932
23966567
23968265
23969353
23971669
23972272
23973234
23976193
23978047
23979902
23980537
23982468
24012640
24013028
24013410
24014429
24014752
24015334
24018928
24021341
24022495
24023364
24024386
24025452
24029016
24044555
24050452
24053313
24054481
24058026
24065293
24070502
24071325
24073200
24074271
24081730
24082453
24084985
24100929
24103775
24104492
24105884
24106539
24148355
24149976
24151007
24151399
24152207
24152633
24153905
24158576
24159756
24169423
24186649
24189806
24191120
24196863
24206902
24210572
24216843
24218614
24224294
24234149
24237237
24238337
24239203
24239824
24240592
24258091
24268983
24269526
24269934
24271314
24276432
24281178
24306354
24319588
24321057
24321452
24321677
24322893
24335628
24335840
24343624
24348050
24351094
24351730
24359899
24360631
24363965
24364808
24365507
24378174
24379368
24383772
24385410
24385870
24404292
24409168
24417308
24429460
24432234
24433041
24445090
24445565
24446165
24447735
24448438
24449561
24453836
24456561
24460882
24461331
24463431
24472857
24474529
24478797
24487019
24502313
24503912
24505730
24508746
24512425
24513015
24521314
24523559
24537921
24538741
24539751
24540836
24543368
24544565
24546218
24551876
24553689
24560734
24561314
24562025
24564655
24565055
24569040
24569819
24570807
24572516
24573294
24575974
24578654
24579475
24582758
24583652
24584436
24585346
24588857
24597540
24598099
24599232
24600541
24601918
24603747
24604459
24644890
24647954
24649152
24657217
24657986
24661396
24664474
24665866
24686294
24687301
24687425
24687877
24688529
24688786
24689143
24689524
24691619
24692393
24693110
24713786
24714461
24719341
24725450
24753457
24754310
24754359
24755103
24779519
24780825
24781396
24781843
24785942
24789519
24790681
24792945
24794270
24795666
24811011
24812093
24812643
24820467
24826856
24830306
24830800
24832200
24837368
24837542
24838429
24843207
24845358
24853860
24863598
24864024
24864700
24871242
24878675
24878701
24886858
24888133
24888999
24892610
24911542
24911577
24912642
24913260
24922433
24931357
24934443
24935727
24940140
24947018
24953440
24953955
24954445
24954884
24955846
24958463
24960709
24961185
24963130
24963750
24969056
24980673
24985711
24986944
24988659
24989049
25003874
25005199
25014574
25018430
25020469
25029509
25030177
25031049
25031071
25036550
25036912
25037309
25038098
25041443
25043324
25046456
25048384
25052228
25056483
25073375
25081510
25085269
25087047
25088900
25090330
25090365
25091120
25104874
25105668
25106039
25106732
25107138
25108190
25109129
25113941
25116500
25117059
25118484
25119735
25122298
25125487
25126724
25127286
25128017
25133728
25147952
25149115
25158244
25161575
25180391
25180453
25200373
25202891
25204636
25206711
25211247
25211562
25211982
25212825
25213960
25214864
25220382
25225277
25229284
25230072
25230932
25231763
25232596
25235859
25249661
25257068
25257513
25259772
25261488
25267497
25288466
25289392
25294334
25295175
25296816
25297943
25300408
25301167
25302249
25302696
25303102
25304972
25305947
25309170
25318096
25318931
25320050
25320793
25330740
25331136
25331173
25331597
25332060
25332837
25334532
25338057
25341271
25343110
25343800
25354999
25361336
25364609
25365628
25366401
25368954
25384791
25386800
25388562
25389279
25389885
25396468
25397907
25403279
25410345
25410413
25412235
25413185
25415266
25417370
25446491
25448263
25448755
25449841
25450782
25452060
25466772
25467945
25468504
25480311
25481077
25486722
25487699
25492337
25499184
25500004
25512575
25513247
25513675
25520621
25521912
25530746
25537404
25538058
25541080
25541833
25542496
25543882
25544554
25545402
25551752
25575412
25577882
25578957
25585441
25586554
25588924
25596971
25597347
25607275
25608990
25609670
25610600
25611463
25616405
25621845
25623187
25623864
25624543
25627026
25650512
25651709
25652353
25653120
25655526
25656060
25656698
25660559
25663459
25672012
25673926
25674185
25675001
25675493
25677391
25681379
25682817
25683593
25684764
25701295
25702002
25702787
25703507
25704109
25704621
25705220
25706186
25707491
25712441
25714401
25725538
25733179
25733919
25735407
25737370
25740162
25753644
25755098
25757486
25757939
25758966
25759688
25761655
25763485
25772702
25780258
25780800
25781298
25781889
25784475
25785606
25787077
25795279
25806341
25818055
25822454
25826107
25835121
25836938
25839443
25844005
25845034
25865607
25877580
25878467
25883006
25884261
25885125
25885889
25886603
25887498
25890249
25891040
25892923
25893097
25894771
25902913
25904965
25911315
25913476
25914008
25915893
25916473
25916988
25918734
25928527
25929120
25929583
25930050
25930876
25931245
25931869
25932605
25933474
25933961
25934622
25935131
25936003
25936391
25950825
25953299
25953847
25957381
25960656
25962277
25968986
25977748
25984822
25993473
25995274
26002372
26003139
26023078
26024167
26024385
26025230
26025271
26025876
26026538
26030040
26030990
26031707
26032977
26033777
26042078
26055497
26059537
26060383
26072479
26073660
26074236
26074801
26101256
26102482
26110471
26115732
26119502
26120089
26123347
26124896
26128760
26129903
26130511
26131211
26139944
26141203
26145458
26154774
26162486
26169420
26171083
26171658
26177162
26189007
26195461
26196019
26196297
26197011
26197843
26198887
26218797
26220115
26222337
26224502
26225863
26226326
26227395
26228901
26231442
26232041
26234793
26239691
26241540
26241930
26243620
26243833
26246646
26259489
26266946
26280004
26281727
26283506
26285129
26287122
26287806
26287840
26291999
26293215
26293731
26295312
26297126
26297687
26298400
26298790
26299962
26301203
26304541
26308881
26309293
26309924
26310392
26310944
26311817
26312919
26316785
26318622
26346215
26350597
26351285
26352599
26355387
26360223
26364658
26367225
26368426
26369072
26380230
26382025
26384068
26384479
26385841
26395867
26399938
26409281
26421446
26427672
26429901
26431841
26432749
26433717
26434174
26434768
26436670
26451528
26452353
26452588
26452761
26454054
26454473
26457711
26459182
26471538
26475847
26476255
26476679
26477583
26477680
26478102
26480712
26485058
26486690
26488331
26499733
26510799
26512030
26514183
26557661
26560585
26561321
26562340
26563264
26567730
26578436
26580594
26581224
26581997
26583230
26590974
26592820
26593572
26594588
26597586
26599940
26606111
26606812
26607784
26620283
26624328
26625301
26625524
26625668
26628063
26631171
26638017
26640207
26646756
26662870
26663720
26664275
26665172
26665617
26666076
26666451
26667011
26667783
26670462
26675463
26696218
26702167
26714261
26714757
26720970
26721568
26725168
26736197
26740282
26741011
26742330
26743090
26746782
26757777
26758445
26759149
26759605
26760938
26765552
26776769
26780288
26781899
26782492
26784239
26786395
26793773
26794821
26814190
26814932
26816859
26837335
26837992
26840030
26842864
26844388
26846682
26850355
26860399
26865300
26865846
26865950
26866432
26866765
26867082
26867513
26869232
26871929
26873254
26873869
26880759
26881465
26883050
26883932
26884415
26887598
26888493
26893958
26897229
26911916
26919653
26921408
26936016
26936809
26937652
26938570
26939422
26939964
26940633
26941415
26942324
26953136
26972121
26972592
26973080
26973509
26974861
26978704
26980157
26980500
27014353
27014864
27016197
27017612
27019676
27024482
27025957
27027313
27028024
27029174
27030245
27031447
27037820
27050734
27051789
27052193
27053286
27054720
27055423
27055948
27059647
27060211
27060687
27061044
27061547
27064461
27065943
27066982
27100254
27100750
27106308
27106853
27107424
27108424
27108945
27109738
27111292
27112223
27114964
27130053
27133896
27151731
27152793
27155783
27156739
27157300
27157893
27158490
27162188
27170820
27177354
27184688
27187176
27204065
27206000
27206659
27209831
27210171
27211669
27216770
27218868
27219290
27220661
27221078
27222182
27228070
27234092
27234680
27251775
27256393
27256498
27257152
27263257
27266891
27283940
27286358
27287717
27292409
27296234
27296565
27297881
27298127
27299080
27299658
27300014
27300414
27300787
27301140
27301499
27301845
27302203
27302863
27310848
27323607
27326101
27332662
27334777
27340194
27342536
27344663
27345834
27352631
27366584
27371931
27373172
27374367
27383625
27385065
27386773
27390954
27391718
27392812
27393564
27394415
27402726
27412873
27417736
27418386
27419955
27421176
27423550
27423638
27451568
27454419
27457695
27457930
27459238
27465937
27469289
27470479
27471123
27471823
27485747
27490299
27520606
27521549
27522051
27522789
27524530
27525867
27537987
27540295
27540846
27541567
27542908
27543966
27561636
27562795
27566089
27573764
27573930
27574834
27576962
27579489
27581162
27582140
27583600
27584293
27584702
27589185
27590092
27590898
27592570
27600525
27602403
27602521
27603294
27603408
27603445
27603891
27605769
27606403
27607158
27609088
27612036
27612785
27627512
27628751
27630460
27631664
27632575
27633514
27638340
27639763
27639861
27641108
27644055
27644387
27645464
27680530
27682453
27684389
27686484
27688438
27689328
27689776
27693297
27700346
27703324
27704544
27707660
27729002
27730564
27733293
27733616
27733842
27734592
27738946
27741634
27742542
27744623
27744956
27746348
27749845
27749970
27754259
27759975
27764584
27765675
27783457
27783890
27784329
27785199
27786815
27790266
27802825
27805101
27805173
27805646
27814723
27818597
27819737
27832412
27833323
27838820
27839538
27841143
27841699
27844361
27846967
27847699
27874781
27875459
27879185
27881063
27906804
27907190
27907673
27908731
27909594
27909996
27910506
27912060
27912650
27913493
27927030
27932358
27948819
27950195
27951229
27951661
27952229
27952757
27953854
27954490
27955176
27957713
27959343
27974119
27975080
27976162
27978054
27978397
27981058
27985270
27985951
27986666
27988267
27988764
27989226
27989780
27990382
27990983
27991524
27991898
27993398
28003815
28004329
28012717
28016340
28023967
28027291
28030759
28032040
28036500
28037828
28067574
28067920
28073832
28084036
28084771
28091300
28092122
28092356
28092639
28093111
28093274
28093693
28094288
28094786
28096201
28097771
28098874
28099483
28135543
28136236
28137457
28137952
28138398
28139496
28140043
28140642
28141365
28141771
28143421
28163150
28182714
28188304
28189193
28192913
28194137
28197537
28199177
28201010
28207332
28207358
28215785
28232366
28234080
28236056
28239056
28239896
28245905
28245972
28247070
28249877
28253332
28253757
28257014
28263946
28272039
28272974
28277573
28279214
28285076
28288554
28306855
28310777
28311815
28318458
28319300
28328571
28356354
28357310
28357867
28359285
28359959
28360504
28369460
28370559
28374885
28379493
28381969
28382741
28383190
28384636
28385655
28387671
28400374
28402892
28404704
28405919
28408763
28439690
28439733
28441681
28442387
28444806
28446314
28448284
28450448
28456025
28467909
28468448
28468979
28471324
28472401
28479002
28491224
28493707
28499410
28505563
28507318
28507970
28514445
28529231
28532424
28534687
28540827
28542152
28544458
28552323
28553528
28554175
28557874
28559871
28563806
28575058
28582765
28583257
28583786
28584297
28584758
28585286
28585899
28586632
28587724
28588364
28596123
28598377
28599797
28600249
28601520
28602029
28602604
28603748
28604669
28606271
28606888
28609247
28610717
28619249
28627359
28628050
28633656
28640496
28640746
28645780
28655332
28657409
28673448
28674981
28675617
28676452
28676890
28677310
28677763
28679830
28680360
28682321
28687319
28688337
28690770
28697186
28698725
28709227
28710881
28727098
28728797
28733563
28759724
28763361
28766019
28766751
28770866
28774008
28776310
28802200
28803788
28804521
28806988
28807525
28808081
28808720
28825005
28825847
28834797
28836252
28837006
28837800
28838806
28840090
28845734
28847327
28849993
28856660
28857139
28857515
28858252
28858630
28859629
28860387
28860976
28861473
28861899
28863349
28865456
28866445
28867242
28867875
28868294
28912621
28914155
28919522
28920192
28928283
28932981
28933689
28937957
28939801
28941888
28944503
28945786
28954351
28966594
28967286
28967812
28968849
28969600
28970159
28971051
28972517
28974794
28983792
28984546
28986021
29002531
29002722
29005853
29006367
29007020
29008625
29012822
29013597
29013702
29017238
29018302
29042065
29042664
29044383
29056785
29063774
29087688
29088475
29095579
29100435
29100539
29102365
29102807
29103513
29105344
29105855
29106258
29107329
29107537
29107962
29108292
29108565
29109579
29110226
29110571
29112832
29129172
29134067
29135249
29136396
29138267
29143295
29143860
29145486
29147057
29148876
29157989
29166643
29175595
29182697
29183516
29188108
29192872
29196498
29197490
29206745
29209618
29213960
29218343
29222215
29223277
29225886
29228506
29230150
29250678
29252625
29258226
29267563
29269715
29271409
29280469
29282231
29283219
29283764
29284162
29284736
29285178
29285544
29285891
29287048
29287653
29288266
29289608
29290236
29295558
29306415
29307301
29308256
29308884
29325220
29326030
29327439
29334010
29336321
29337332
29338012
29339515
29340352
29340979
29341499
29341851
29342258
29342618
29342889
29343631
29344522
29345364
29347503
29349346
29351119
29351962
29353639
29357559
29362044
29363886
29387685
29390702
29391777
29392568
29397145
29398060
29398594
29399037
29399851
29407950
29409322
29421910
29430743
29431340
29431829
29432294
29432707
29433891
29436106
29449400
29449761
29451671
29453415
29454773
29472667
29472877
29474768
29478145
29478958
29480037
29480689
29481382
29490179
29493197
29494605
29501467
29505139
29505998
29512616
29519280
29520017
29522627
29522752
29535948
29536429
29536825
29537331
29537825
29550274
29551337
29552132
29552666
29552899
29553601
29561576
29562206
29563446
29563849
29565203
29565743
29566163
29566754
29567272
29567807
29568400
29570273
29570971
29571836
29580226
29580847
29584300
29590629
29593093
29601625
29603946
29605747
29606775
29613409
29615073
29627565
29627749
29628362
29629425
29630315
29630716
29631161
29632620
29637381
29642465
29644542
29651415
29665884
29678404
29678836
29680700
29700631
29703155
29705291
29706949
29708363
29708800
29709502
29710349
29710781
29711792
29712345
29717852
29719134
29733958
29734385
29736327
29737253
29742210
29751798
29764974
29788192
29791147
29799220
29801774
29802295
29802780
29803293
29803734
29804202
29823525
29824157
29825529
29826201
29827199
29827733
29828158
29836142
29838735
29839828
29840263
29842223
29867763
29873744
29874101
29879534
29881915
29882992
29886931
29890738
29893649
29902400
29904931
29906009
29908048
29909006
29912913
29914262
29918005
29930123
29933097
29937138
29945867
29946475
29947467
29951010
29953735
29977070
29979216
29987253
30002682
30005194
30006245
30011946
30016425
30017456
30018085
30019549
30020370
30023295
30038579
30040944
30042327
30043172
30043553
30044096
30044351
30050355
30052338
30053207
30055602
30058096
30059221
30060245
30060534
30071426
30072455
30073238
30074991
30075632
30076941
30077615
30083423
30083651
30093808
30095362
30103521
30108572
30110518
30115865
30116265
30125470
30126283
30127130
30127787
30151727
30155361
30157193
30173573
30174146
30175145
30175943
30176474
30177277
30178679
30179876
30180599
30180626
30181231
30181845
30183946
30187114
30194649
30195181
30195698
30196172
30207551
30210842
30215399
30222530
30224877
30227352
30243577
30249621
30250184
30251056
30251836
30254764
30255561
30259969
30261436
30262920
30263758
30278440
30286054
30287012
30287893
30289235
30291495
30292195
30292590
30293596
30318586
30319097
30319730
30320276
30320839
30324371
30326099
30327235
30336912
30347018
30352124
30353087
30353396
30353790
30357210
30359691
30364016
30374241
30379751
30380245
30381126
30386825
30393069
30395182
30398138
30400087
30409675
30410356
30410974
30411486
30412185
30412611
30412984
30413452
30417949
30418550
30418885
30436450
30438035
30438815
30439404
30440539
30441002
30441856
30445290
30448724
30449700
30450505
30450624
30464094
30465643
30466100
30466605
30470398
30471534
30476802
30480773
30483517
30484379
30485654
30486378
30487007
30487646
30488083
30490232
30491716
30497987
30499080
30500398
30500943
30501805
30502830
30528114
30543516
30544128
30557016
30558271
30563140
30572475
30576506
30577360
30577937
30578349
30578990
30579671
30580699
30605420
30606587
30607211
30608896
30612832
30613485
30614121
30614572
30614962
30615649
30616659
30618192
30620182
30652239
30654267
30656494
30658978
30665612
30668209
30678234
30679017
30682023
30700761
30702620
30703382
30711893
30713013
30715539
30722585
30723533
30724262
30724881
30726388
30727346
30730613
30731462
30734741
30744928
30749040
30749701
30750288
30751857
30755834
30764592
30766018
30768457
30778252
30782260
30795226
30796318
30797201
30798498
30799539
30800618
30801082
30801722
30803310
30805961
30809230
30811745
30813992
30827569
30828947
30846271
30846886
30847386
30848231
30848706
30849510
30854514
30858088
30860518
30862618
30863759
30864620
30866105
30871998
30877117
30877904
30880303
30881399
30883606
30895942
30900587
30901147
30901682
30902931
30905143
30905909
30920370
30925229
30925618
30927883
30931548
30931916
30932711
30933369
30933877
30935843
30936043
30936783
30938810
30941859
30942930
30943822
30944024
30957227
30959981
30961459
30961940
30979057
30979380
30980340
30981304
30994742
30995908
30996521
30997064
30997507
30997951
30998506
31002674
31006689
31007567
31008508
31011245
31013354
31013588
31020144
31021993
31024873
31051685
31052465
31054670
31057359
31058242
31059028
31059591
31059731
31065064
31072121
31077761
31078399
31079470
31082172
31082472
31085345
31089626
31090955
31096685
31102682
31116529
31117453
31123762
31125027
31125801
31130476
31153500
31154993
31163974
31165370
31166534
31167662
31170200
31171229
31174406
31183325
31194239
31198030
31199185
31200533
31200576
31204163
31224110
31224209
31225555
31226253
31227244
31227711
31229772
31231323
31232802
31233806
31235610
31236026
31236431
31236798
31238696
31240002
31244314
31245017
31245498
31246314
31248522
31249182
31250624
31252437
31265139
31268306
31275088
31277472
31277988
31280508
31292764
31305642
31307770
31314523
31323690
31333012
31335008
31336655
31337479
31338692
31339611
31341080
31342009
31342580
31344388
31350000
31353385
31353821
31356718
31364290
31368146
31378002
31380469
31381631
31382531
31390120
31405936
31416565
31420179
31421195
31421877
31428028
31429180
31440812
31442652
31444672
31446988
31447566
31449208
31451019
31452024
31453489
31459357
31466481
31468220
31468492
31478130
31478691
31479738
31480361
31481085
31510206
31524800
31525450
31527302
31528027
31530931
31534248
31536386
31537583
31538153
31540836
31541397
31546857
31557978
31558777
31558966
31563057
31579672
31580350
31581171
31582076
31583340
31594425
31595345
31596011
31597308
31603588
31605611
31606753
31612259
31627389
31631439
31633547
31638829
31656392
31659484
31660365
31661016
31661369
31661961
31662889
31663961
31664874
31665798
31667179
31669598
31670929
31672951
31683317
31684321
31686958
31689712
31696116
31696500
31697239
31698187
31698766
31699266
31700020
31700579
31701364
31702018
31703144
31708611
31718847
31719344
31720160
31725992
31726710
31735063
31735774
31744755
31757723
31761334
31764162
31765333
31766121
31771658
31773372
31774668
31775181
31782206
31787548
31794758
31798171
31799366
31812081
31821814
31825449
31826626
31828052
31831018
31840794
31849144
31850780
31851304
31851730
31852693
31853432
31856894
31857952
31858432
31859146
31902776
31904056
31906481
31909563
31913526
31930948
31952033
31954057
31955565
31969567
31970904
31971089
31986948
31987670
31987856
31988370
31988587
31989263
31991126
31991846
31992685
31993184
31994451
31994806
31996469
31997034
32012040
32018097
32019303
32021639
32046541
32049647
32050244
32051633
32052878
32062151
32072365
32097843
32099175
32099628
32102105
32102857
32106504
32106960
32107658
32109486
32112394
32113715
32114135
32118246
32125273
32128082
32129469
32131447
32131567
32134515
32135064
32139091
32141666
32150452
32150828
32152139
32153601
32159382
32178687
32179312
32180371
32181098
32181774
32182535
32184141
32184960
32186282
32187307
32188042
32189063
32190551
32201048
32207934
32208798
32210868
32212843
32214171
32233679
32241218
32241831
32243067
32257514
32268254
32269141
32269995
32272025
32287303
32296428
32297300
32299255
32300058
32306418
32308523
32309184
32310069
32310806
32311394
32313791
32321547
32322301
32327303
32331078
32341915
32346787
32360494
32361540
32363149
32365353
32370603
32371329
32411420
32411814
32416786
32417284
32418131
32419258
32419721
32423650
32424399
32424828
32425674
32426603
32427205
32427763
32432859
32439872
32442095
32448002
32449397
32453221
32454084
32468246
32469237
32470769
32472131
32473357
32474060
32475042
32480582
32500498
32501441
32503994
32505294
32517064
32517736
32518464
32520034
32526245
32543992
32554481
32560740
32562905
32564608
32565143
32565682
32570886
32573423
32578498
32580372
32581024
32583203
32602935
32612820
32615194
32618502
32621440
32622928
32633966
32641046
32641510
32641928
32642825
32643691
32643952
32644383
32646052
32656347
32659974
32669180
32669307
32670982
32671585
32673774
32676511
32677059
32677431
32677822
32678157
32678964
32679112
32679492
32683759
32684866
32702788
32703713
32704413
32705150
32705733
32707518
32714156
32716939
32718336
32719838
32725496
32727559
32738694
32745189
32745718
32746454
32747115
32747769
32748690
32749662
32765120
32779517
32781208
32781430
32781702
32782713
32783307
32784078
32785840
32787378
32788186
32789455
32801830
32803025
32804761
32805607
32805806
32812779
32814565
32822203
32828357
32829008
32829587
32830403
32853403
32862373
32863318
32866820
32871438
32871956
32872589
32873386
32875462
32880273
32888619
32895681
32897123
32898101
32899277
32907950
32915602
32916936
32917724
32918640
32925510
32935555
32936626
32937230
32938474
32940137
32940902
32952651
32953211
32955470
32956995
32968696
32969283
32970948
32983659
32983947
32984330
32985615
32992237
32999084
33003323
33004170
33014599
33015755
33020369
33021516
33022035
33022738
33023910
33024915
33025483
33025831
33026217
33027093
33027885
33028750
33029186
33049479
33055748
33056829
33057890
33058531
33058716
33059670
33062582
33077659
33084091
33085430
33088137
33089930
33104758
33105503
33106317
33107966
33110582
33112430
33114411
33118477
33122087
33122584
33123102
33123702
33124158
33125793
33126387
33128088
33129165
33130843
33133370
33134464
33139428
33155914
33168396
33170593
33172803
33177610
33178957
33180564
33181422
33182373
33197118
33197931
33202963
33204168
33205783
33205961
33207627
33232043
33232317
33232703
33233395
33233765
33234189
33234638
33235611
33236489
33236987
33237520
33238042
33238643
33258499
33259099
33268323
33271685
33272677
33273297
33274618
33274651
33275314
33276845
33301267
33303593
33331893
33332505
33333651
33335927
33337593
33346219
33366858
33379030
33379466
33380396
33381380
33381935
33382500
33383686
33384494
33386562
33394754
33404578
33410904
33413638
33416666
33417221
33418499
33423718
33424216
33426062
33426664
33427027
33427418
33436564
33449645
33450872
33461436
33461960
33462623
33463199
33463643
33464240
33464839
33466915
33468989
33471196
33493007
33502638
33503366
33505731
33507236
33507995
33509572
33511460
33513448
33515331
33518899
33525268
33526293
33530024
33530277
33530801
33535411
33536255
33560649
33580509
33584767
33585397
33590092
33595505
33597787
33598280
33619473
33621367
33622068
33625800
33637628
33640708
33646311
33647389
33648523
33649132
33652311
33654215
33656098
33656470
33656746
33657467
33663387
33664082
33670364
33671784
33673210
33685814
33705316
33706878
33707901
33711611
33712149
33712394
33720145
33721210
33721888
33724398
33724980
33725456
33725833
33726901
33757448
33762404
33768149
33780501
33782400
33783403
33787327
33789732
33791452
33794387
33803782
33807382
33827084
33830160
33832473
33840345
33840708
33841042
33841448
33841810
33842812
33843525
33844217
33846198
33858133
33861227
33862459
33863468
33866034
33887708
33889134
33894077
33895134
33895802
33896826
33898255
33898843
33904776
33905227
33906317
33906774
33908890
33912235
33914850
33919398
33924771
33933004
33933164
33933918
33933951
33942101
33946411
33947291
33948342
33949273
33951776
33968781
33969411
33972489
33977408
33982325
33983022
33985157
33986560
33988266
33992971
33993670
34004629
34013764
34019548
34026664
34027053
34028617
34029585
34030749
34032423
34033059
34033706
34033924
34039191
34040094
34041409
34041872
34042145
34043840
34044918
34052199
34052414
34052728
34053541
34056782
34057337
34080151
34080692
34090923
34091453
34091713
34093177
34094226
34095134
34095597
34096270
34097144
34097814
34098508
34102236
34113331
34114062
34117227
34118141
34119145
34119757
34121092
34121626
34121924
34122831
34130304
34131514
34132008
34147708
34151476
34151817
34152942
34159798
34160358
34168571
34177934
34202250
34202986
34204405
34205097
34208615
34209597
34211612
34213062
34215156
34221667
34230087
34231469
34232577
34233460
34233924
34234416
34234894
34235942
34236684
34239076
34261247
34262949
34264056
34271771
34273016
34291618
34292273
34293749
34294436
34295069
34297215
34300489
34301871
34304417
34307539
34309801
34312529
34317745
34330975
34346770
34349485
34350168
34370797
34371844
34379835
34380336
34396969
34399964
34402122
34403516
34416257
34421635
34440710
34440864
34442077
34443111
34451589
34454046
34454625
34455323
34457630
34463430
34478467
34479990
34480641
34481420
34488304
34502144
34505842
34506281
34506512
34510979
34511698
34514478
34518794
34519686
34521001
34523027
34531624
34533046
34533330
34533905
34534754
34535710
34536314
34536776
34537114
34537531
34537977
34538452
34538635
34539285
34540352
34546088
34551459
34551936
34552561
34564880
34571604
34577698
34600130
34601378
34604419
34605436
34612497
34618365
34619365
34621984
34657173
34657787
34658457
34658559
34660197
34660704
34661119
34661455
34662043
34663718
34664207
34665908
34667415
34671107
34687766
34688460
34689980
34693000
34702924
34704187
34708747
34710015
34719031
34720395
34730340
34735636
34738933
34746665
34748118
34751233
34759892
34761289
34761880
34772332
34773985
34775336
34788126
34789729
34790401
34791183
34800699
34802911
34807734
34808167
34815409
34818366
34819936
34820390
34820748
34822595
34835726
34837694
34839729
34843909
34849763
34851787
34853522
34856986
34857029
34859078
34859737
34860310
34861110
34862610
34863350
34865630
34869095
34870043
34871591
34874072
34874421
34875691
34876920
34878651
34896177
34915823
34918702
34919485
34921381
34922760
34924604
34929413
34932719
34938179
34938943
34952180
34963498
34964128
34965298
34965918
34966500
34970226
34993047
34998837
34999262
35002082
35005399
35017112
35017844
35019205
35023114
35024682
35027293
35040944
35042603
35043851
35044882
35048903
35060846
35065719
35079689
35081402
35102350
35103622
35105031
35105771
35106292
35107276
35126629
35131755
35132706
35138458
35139678
35140752
35141239
35149850
35158222
35164673
35165978
35166929
35169242
35170493
35171781
35172322
35181402
35182171
35183936
35183989
35187314
35195110
35197991
35199934
35204862
35214061
35216699
35218197
35227949
35235983
35238450
35257420
35260049
35263941
35265232
35272935
35273739
35277560
35279652
35279971
35283593
35284079
35284222
35285725
35289795
35290559
35295428
35302104
35303208
35306311
35320158
35320280
35320559
35321261
35321862
35322462
35322761
35323057
35323441
35323808
35324232
35324700
35325787
35343544
35346238
35352338
35353392
35355047
35355852
35356468
35374779
35375437
35378099
35379723
35382589
35395707
35400657
35405542
35408029
35408913
35409538
35410974
35412411
35413935
35434305
35435025
35435769
35436701
35447599
35448735
35451378
35453289
35462045
35468624
35469517
35469954
35470913
35471328
35471918
35473251
35473948
35473988
35481318
35482662
35483649
35485119
35485888
35493826
35499594
35500080
35500819
35501779
35513656
35514415
35515256
35516753
35518618
35519063
35519816
35524551
35526287
35554030
35562387
35566862
35586755
35587288
35588012
35588665
35591353
35598367
35611691
35616216
35617457
35618490
35622894
35631422
35632153
35632468
35636189
35637425
35638053
35639161
35639836
35643815
35658190
35666663
35667241
35667753
35668660
35669155
35670124
35673574
35675048
35677635
35684047
35693577
35694174
35695196
35697440
35715197
35719002
35727063
35728616
35730329
35730994
35736718
35741234
35741480
35742263
35747432
35749748
35750740
35752884
35753583
35766887
35768182
35777841
35779801
35780288
35780713
35784146
35784605
35785415
35785609
35787104
35787869
35788535
35789544
35795790
35800659
35806909
35810146
35811013
35817574
35818993
35819277
35820524
35822074
35824893
35825365
35828802
35844033
35847794
35855007
35856303
35857665
35860458
35866780
35867915
35869098
35903774
35904842
35905732
35906876
35908006
35910667
35915464
35928040
35930684
35936304
35938782
35946835
35949699
35954831
35956324
35957115
35957875
35958966
35961599
35967159
35967812
35972408
36000841
36002004
36003682
36005249
36007819
36011449
36012855
36013593
36014322
36015827
36023326
36028034
36030674
36032502
36032895
36033335
36033759
36034300
36053850
36057973
36058396
36059203
36060512
36074047
36081345
36082707
36083433
36084197
36084972
36093094
36094742
36095562
36097437
36115580
36116444
36117686
36120031
36120958
36122396
36124040
36130535
36131914
36133314
36138304
36139720
36140668
36141416
36141876
36142405
36142994
36143682
36167598
36171067
36176242
36178636
36181956
36187793
36187989
36188613
36189166
36189505
36189945
36190781
36191122
36191838
36192165
36192425
36192700
36193399
36194486
36195066
36195667
36204489
36205887
36211973
36223470
36225064
36226244
36227459
36238096
36239352
36254607
36256783
36268846
36279960
36281217
36286461
36287954
36288281
36292977
36294618
36296190
36297646
36299774
36303672
36318965
36319944
36326362
36350508
36353812
36354735
36355620
36355654
36356039
36356808
36357314
36358024
36358568
36359263
36359938
36360513
36361708
36362280
36365571
36366139
36368400
36371053
36381301
36382264
36385296
36385345
36397665
36402755
36403667
36404976
36413261
36421694
36423589
36424998
36425530
36427382
36427549
36451304
36455060
36455925
36456284
36457100
36458117
36459638
36460717
36461565
36466842
36471683
36475188
36483965
36486750
36503663
36504330
36506761
36507613
36511079
36511480
36513686
36528616
36535608
36536086
36536523
36537878
36538315
36538895
36539095
36539299
36539499
36539908
36540126
36540646
36541255
36541528
36541940
36542388
36547058
36555044
36556205
36569363
36570851
36577654
36578856
36581696
36598990
36623881
36624484
36624971
36626333
36626890
36627343
36627861
36628375
36629608
36634606
36635492
36639391
36644628
36656098
36660760
36663202
36668052
36670257
36671237
36679203
36683565
36684698
36687626
36687876
36693745
36695629
36709729
36713716
36715414
36716076
36716268
36717928
36725670
36732990
36733025
36734237
36737128
36740815
36743493
36754105
36755411
36755818
36756116
36775085
36776141
36777142
36777864
36778786
36791015
36791569
36796665
36798858
36803665
36809188
36815538
36826312
36827002
36827589
36838749
36851957
36852392
36853039
36853845
36854879
36863602
36864067
36864590
36865155
36865521
36866735
36868306
36872523
36874032
36875760
36877065
36900166
36901676
36902202
36902999
36903688
36904107
36904562
36905023
36905055
36906110
36907073
36909073
36921779
36922943
36923037
36940000
36952480
36956586
36957423
36958146
36958969
36959901
36962101
36974266
36982283
36985477
36986107
36990007
36990861
36993164
36994946
36995394
36996022
36996232
36997535
37012320
37013737
37016922
37028725
37029430
37029971
37030468
37030994
37031723
37032238
37033335
37034137
37035131
37039997
37042702
37045390
37059270
37060183
37060546
37060583
37061012
37061759
37062264
37062906
37086797
37089789
37091042
37094369
37095838
37104384
37106413
37107283
37108339
37109180
37109874
37110943
37111852
37112361
37113171
37140299
37149075
37162547
37165044
37165841
37166531
37167548
37168791
37169312
37172934
37173077
37173923
37174855
37176077
37176896
37177864
37178911
37189837
37191015
37191627
37192496
37193742
37199365
37204280
37216201
37218682
37219784
37226919
37235834
37236968
37237969
37240074
37244604
37249577
37281071
37281637
37281993
37282367
37282738
37283359
37284609
37301686
37303565
37304140
37308436
37309310
37309933
37310569
37310609
37310832
37311891
37313045
37313834
37315075
37319492
37323329
37324194
37325353
37326129
37350289
37350890
37352008
37352583
37353502
37354716
37355103
37355680
37356383
37356662
37358448
37361774
37363136
37366136
37367470
37367860
37368998
37374659
37375942
37377640
37379837
37383452
37387756
37388910
37391212
37393307
37409537
37410655
37426721
37427390
37428145
37431754
37433665
37435782
37436791
37438253
37438934
37439928
37441293
37455141
37462958
37489765
37491200
37491666
37495833
37530736
37534732
37542128
37542942
37544881
37547433
37548451
37549231
37549787
37550168
37551394
37551504
37552108
37555196
37555744
37556802
37565674
37566481
37567980
37568639
37569061
37571238
37578731
37580149
37580924
37586730
37589648
37590802
37601996
37618001
37632684
37636641
37638260
37639923
37641578
37643423
37646102
37648120
37659477
37661019
37661993
37662480
37665273
37690419
37693473
37701402
37705427
37706372
37706908
37707496
37707717
37708667
37710218
37711726
37716513
37728596
37734187
37736668
37737576
37745221
37759637
37771116
37773808
37777788
37780600
37807800
37809812
37818592
37819259
37819751
37820411
37820840
37821927
37822293
37823050
37833468
37835396
37858984
37864039
37870759
37871440
37872351
37873920
37874443
37880433
37881322
37884889
37886179
37886919
37887672
37888638
37889897
37892171
37893656
37899806
37901861
37902653
37903427
37904063
37904620
37905769
37912184
37915359
37946810
37947114
37948373
37952607
37956374
37972837
37973542
37976177
37977031
37977859
37989449
37990137
37990643
37992088
37992894
37998808
37999527
38002325
38002708
38008860
38012704
38017242
38021867
38027587
38036215
38037691
38041755
38048218
38048691
38049209
38050146
38050850
38056095
38057870
38060001
38067327
38068691
38072586
38075817
38099304
38100056
38101124
38105540
38111312
38113635
38114879
38138164
38142022
38144454
38144868
38147243
38167289
38167845
38168358
38172839
38173392
38174575
38193022
38196191
38199865
38205597
38210236
38212591
38221203
38221720
38223186
38224477
38225452
38250179
38254906
38262673
38266431
38267714
38290624
38295866
38297565
38298458
38298604
38299044
38303883
38306802
38321125
38322993
38323926
38325122
38326892
38327644
38329019
38330012
38332107
38332778
38333198
38337506
38345214
38348228
38349136
38349638
38350285
38351304
38352497
38362061
38366988
38368631
38372615
38377548
38378690
38379338
38380020
38381024
38391456
38392227
38395996
38400325
38401869
38403134
38404258
38404760
38406484
38409098
38410297
38419061
38419948
38421489
38432061
38432630
38433913
38438746
38441135
38442364
38443938
38444635
38456783
38465010
38466147
38467509
38468163
38469960
38472071
38473442
38473641
38474246
38474582
38474655
38475470
38476111
38477333
38477819
38478863
38488552
38489898
38509694
38513925
38516119
38519900
38520496
38523839
38526117
38526631
38527143
38528213
38529980
38530694
38533500
38534415
38539365
38551550
38567936
38572445
38572931
38573566
38575241
38586373
38593118
38597815
38598482
38599121
38600704
38601486
38602054
38602578
38602927
38603214
38603535
38604155
38604704
38605575
38610850
38612368
38615358
38619692
38624767
38625653
38627329
38629155
38638749
38652102
38653011
38653503
38656890
38661369
38662321
38670673
38701772
38702211
38703464
38704299
38705003
38706480
38710217
38713112
38714433
38714821
38719191
38729105
38729612
38730400
38730951
38732495
38733471
38735168
38735609
38736140
38736807
38737544
38742946
38744619
38745013
38745534
38745869
38746282
38746889
38750892
38755384
38767702
38769395
38769985
38770561
38774306
38783120
38784809
38785107
38785781
38787087
38788505
38789343
38791274
38793003
38797526
38798209
38815295
38817375
38818365
38819948
38820614
38821946
38822580
38823402
38826493
38827846
38834698
38839497
38839993
38840556
38841042
38844272
38845557
38847840
38858826
38866189
38872309
38878937
38883782
38887725
38897378
38899238
38907253
38907332
38907454
38931986
38939109
38940117
38941121
38943821
38946706
38967133
38968708
38972351
38980072
38983075
39007857
39008596
39010743
39012765
39013438
39013915
39014461
39015051
39032048
39033634
39039333
39040484
39043251
39045587
39045991
39046976
39050415
39052945
39055598
39057142
39058585
39074316
39075443
39076390
39078487
39081060
39083044
39088002
39089578
39090140
39091108
39093169
39095655
39098176
39099338
39100713
39105178
39114071
39120523
39121042
39121696
39122682
39123908
39151513
39153213
39154820
39155969
39156532
39156748
39157351
39165045
39170908
39172787
39174443
39175544
39176387
39180794
39186229
39203487
39204632
39205112
39205805
39206639
39206875
39209267
39210118
39211426
39211670
39220677
39228288
39235910
39236928
39237653
39238692
39242502
39247150
39249110
39264999
39266279
39267137
39279636
39281027
39292192
39293406
39293987
39297058
39299200
39300865
39305142
39314772
39315952
39319001
39325656
39331568
39336653
39339819
39341595
39347377
39348305
39362699
39363306
39363345
39366731
39368213
39385505
39401282
39403143
39414004
39416394
39417018
39421373
39434237
39435611
39436623
39440263
39441936
39444937
39446584
39450402
39451753
39455533
39457869
39458569
39461473
39462669
39473035
39473217
39473753
39479592
39482065
39482503
39482985
39484920
39489076
39493372
39505867
39508386
39509257
39509840
39513385
39515248
39515969
39516557
39517502
39519556
39519745
39523797
39524728
39525304
39526300
39537737
39539718
39541272
39551505
39556891
39557993
39561337
39564046
39573322
39574435
39576701
39577720
39578189
39578678
39579246
39603683
39605337
39607896
39624816
39626373
39627344
39627922
39629152
39644008
39645706
39650212
39651126
39660782
39664100
39675020
39684984
39685256
39685804
39686439
39687397
39688550
39703170
39703763
39704323
39704805
39704844
39705534
39707184
39723855
39745776
39746349
39746917
39748909
39749700
39750742
39751506
39752761
39755766
39757242
39757766
39758635
39758902
39759719
39759943
39760055
39760397
39761117
39761794
39762069
39762358
39763470
39763734
39764345
39764655
39764995
39765492
39767045
39768526
39784845
39786664
39790486
39792798
39799269
39799986
39813890
39818196
39819713
39820643
39821431
39832108
39832314
39833049
39833666
39843071
39847629
39850464
39850785
39852911
39854014
39862706
39863309
39866242
39867317
39871986
39872774
39883897
39884353
39885348
39885987
39886663
39887593
39887762
39889688
39893789
39897963
39900045
39900513
39904372
39905049
39905570
39906411
39908028
39908607
39910226
39911591
39915100
39915959
39916982
39917863
39918926
39919798
39920066
39937998
39938747
39941542
39942667
39944193
39945568
39946029
39946674
39947565
39949114
39969551
39972323
39973704
39975443
39981181
39982046
39982639
39984175
39985841
39998533
39999914
40000622
40001967
40002716
40003057
40004478
40012495
40015047
40021757
40023103
40023756
40056149
40056985
40058626
40065716
40072715
40084764
40091024
40091861
40091970
40092424
40093071
40093692
40094535
40095669
40097068
40097828
40098878
40100790
40101537
40107858
40108858
40109562
40111879
40117561
40129771
40130493
40137885
40138521
40138962
40139738
40140950
40141050
40143552
40144029
40144587
40145021
40145409
40145932
40146417
40147144
40147742
40164125
40173959
40174620
40174669
40175267
40176601
40184465
40185868
40186560
40189057
40190184
40190617
40190854
40191543
40193591
40194800
40209266
40211063
40216792
40216880
40217949
40225675
40227972
40233134
40236145
40237669
40239036
40248006
40253012
40254188
40255283
40263798
40265362
40268794
40278421
40283497
40291831
40292859
40294937
40295827
40300115
40301235
40302576
40303564
40310543
40312743
40314564
40315582
40316197
40316805
40338751
40356763
40360938
40361893
40363172
40364386
40365848
40368733
40371039
40372188
40372960
40392226
40393083
40393871
40400580
40400811
40401792
40401852
40402514
40402976
40403852
40404617
40404972
40406464
40407110
40410627
40413948
40430489
40432267
40435047
40439493
40443983
40444481
40444517
40445038
40447647
40450758
40468434
40470410
40471745
40472404
40473240
40475204
40476132
40477532
40478298
40507917
40517230
40517713
40520871
40522550
40524894
40525118
40533369
40537561
40542732
40546800
40550277
40550895
40551487
40552134
40556569
40565422
40570479
40571972
40579366
40583112
40603508
40615388
40618423
40621775
40626696
40629090
40633912
40635325
40637045
40637247
40637562
40638042
40640715
40642294
40643361
40643888
40644504
40645049
40668558
40669540
40681951
40682636
40683246
40683586
40683953
40685311
40686108
40691344
40706167
40712531
40714112
40715154
40716196
40717420
40718005
40729176
40734675
40736441
40741601
40765371
40766490
40767924
40789220
40792065
40792983
40794982
40796345
40799011
40800787
40809113
40809632
40821305
40823207
40823801
40827228
40831572
40832827
40833659
40836563
40875298
40875820
40876627
40877420
40883557
40894320
40901144
40908423
40909354
40911614
40912508
40912945
40913388
40913808
40914426
40914541
40950888
40957419
40958360
40960688
40961472
40962156
40963186
40965113
40982053
40983992
41002853
41007753
41018314
41023828
41024604
41025251
41025954
41026420
41027247
41052373
41052900
41053620
41054623
41055569
41057421
41061145
41062197
41062815
41069183
41076695
41077299
41078622
41079292
41079763
41081828
41082429
41084434
41101220
41103684
41111321
41112171
41112652
41113542
41115118
41115797
41119338
41120057
41121234
41122865
41124341
41130173
41134950
41148113
41151149
41152911
41153492
41154235
41154804
41156516
41158001
41158110
41160714
41161438
41167931
41173056
41176531
41187552
41188624
41189250
41190413
41196241
41197788
41198722
41199025
41200371
41205952
41235815
41241130
41242539
41243130
41243664
41244216
41244372
41245895
41246990
41247527
41247966
41249349
41249972
41250807
41259621
41265297
41288920
41290385
41290862
41291448
41299961
41300797
41301826
41302947
41306834
41317765
41320606
41322606
41323491
41326752
41327611
41327709
41333233
41348931
41353115
41357928
41358894
41360074
41361011
41361644
41362992
41364021
41369546
41375027
41375749
41376434
41403737
41408442
41415326
41416553
41419662
41421216
41422792
41423688
41424296
41425903
41431687
41432740
41446009
41446495
41447396
41449407
41455597
41456311
41457510
41468273
41470689
41470909
41472030
41476269
41482833
41488602
41490183
41505688
41507765
41508965
41511166
41517983
41532776
41549066
41552767
41553536
41568580
41579267
41592210
41594907
41606747
41609373
41612720
41618861
41620372
41620879
41621691
41622225
41624051
41625984
41626620
41628087
41634766
41636059
41636514
41636933
41637510
41638534
41638658
41639853
41643561
41644291
41647211
41651253
41652496
41653006
41653524
41653688
41655292
41656162
41660369
41662624
41666822
41682877
41683662
41693766
41696053
41712731
41721748
41723747
41724135
41724352
41724928
41725419
41726421
41742866
41750503
41756136
41762185
41763207
41764962
41766550
41772910
41773750
41777770
41783383
41788540
41790350
41791280
41801767
41802961
41803511
41805796
41807523
41807739
41808377
41808898
41816463
41817372
41818765
41823090
41824301
41824772
41825218
41825834
41826338
41826870
41828097
41831236
41850415
41867226
41875502
41879035
41902010
41902374
41912785
41913399
41914026
41924776
41925453
41925846
41926211
41934911
41937825
41938863
41939485
41940893
41941504
41942790
41946475
41955934
41957366
41961545
41962229
41963224
41963273
41963798
41964866
41981096
41981570
41983884
41987153
41988685
41995392
42013017
42014146
42016889
42018195
42021093
42022794
42026499
42027185
42028870
42047911
42052283
42062970
42064892
42065637
42068257
42069510
42073990
42076254
42076503
42079683
42080783
42081809
42087516
42091037
42097286
42097826
42098551
42099459
42102349
42115902
42125275
42139269
42139845
42140440
42141036
42144746
42145294
42145875
42146201
42153573
42155625
42157033
42158397
42158911
42159702
42160014
42160280
42161573
42181426
42202449
42203562
42204711
42211593
42214755
42215709
42217193
42217875
42220147
42223232
42232004
42244219
42246242
42247849
42249074
42252273
42264666
42266519
42268082
42271795
42273124
42274675
42275151
42277046
42310008
42311297
42313099
42314007
42317540
42318273
42321089
42325894
42326681
42327216
42328516
42329424
42331809
42332220
42333754
42334287
42335006
42339645
42341123
42347516
42349536
42350747
42351812
42353467
42357732
42358304
42358682
42360124
42366244
42367516
42369558
42370304
42370688
42373171
42374668
42376938
42378617
42379874
42385192
42386511
42387893
42409963
42410520
42411092
42412007
42412350
42412839
42413211
42413938
42414284
42414944
42415648
42418356
42422191
42422779
42423182
42434441
42435319
42441160
42442014
42444284
42447862
42448887
42451237
42466174
42469739
42470240
42473362
42475040
42475868
42476637
42477319
42477994
42479483
42480883
42482131
42491766
42492941
42495948
42498772
42501717
42502625
42504525
42517023
42520489
42533303
42534776
42536833
42537144
42538634
42539212
42544334
42550486
42554737
42564756
42568407
42569656
42576193
42584687
42595687
42602079
42602805
42609773
42616069
42618324
42619060
42625163
42653131
42653633
42654327
42655691
42656389
42662798
42678508
42681461
42682175
42683944
42685535
42687822
42688973
42690178
42690752
42693132
42695028
42695579
42696869
42697330
42698165
42721123
